./varas.sh -m3 -evaras_classroom_without_obstacles.txt -avaras_door_width.txt -ovaras_fig_13/varas_fig_13_without_obstacles.txt -O2 -s10 --allow-x-movement
--------------------------------------------------------------

109 109 105 107 110 107 109 113 104 104 
57 58 60 55 57 60 57 56 56 56 
40 42 42 41 42 40 43 42 44 41 
34 34 33 35 32 35 33 33 35 35 
31 29 30 29 33 31 31 29 30 28 
27 27 25 27 28 27 28 27 28 28 
27 27 26 26 26 28 28 26 26 24 
24 25 25 26 24 24 25 25 25 25 
23 25 23 24 24 25 26 25 23 25 
23 23 24 23 24 23 24 24 22 24 
21 23 24 24 23 23 23 23 23 23 
22 23 23 23 22 23 23 24 23 24 
22 22 23 23 22 24 23 23 22 23 
22 22 22 22 23 23 23 22 22 24 
