./varas.sh -m3 -evaras_classroom_with_obstacles.txt -avaras_door_width.txt -ovaras_fig_13/varas_fig_13_with_obstacles.txt -O2 -s10 --allow-x-movement
--------------------------------------------------------------

109 109 108 106 106 108 106 107 106 109 
59 56 58 56 57 58 59 58 56 59 
43 41 43 42 39 42 41 42 42 40 
36 36 35 36 36 36 38 35 35 37 
38 39 35 38 34 37 37 38 40 37 
34 34 33 35 40 34 35 34 36 36 
33 34 34 35 35 34 35 33 34 33 
35 32 39 34 33 35 35 34 33 33 
33 33 32 33 34 33 34 32 34 32 
35 32 33 34 32 32 33 31 33 32 
33 36 33 34 35 33 33 33 33 33 
33 33 34 33 32 32 33 34 34 33 
33 33 33 33 33 33 33 34 32 33 
34 34 33 34 32 33 34 35 34 34 
