./varas.sh -m5 -l16 -c20 -avaras_door_width.txt -ovaras_fig_7/varas_fig_7_150ped.txt -O2 -p150 -s20 --varas-fig7 --allow-x-movement
--------------------------------------------------------------

307 307 313 312 307 313 310 309 315 315 308 314 313 314 313 308 315 309 308 308 
160 157 162 157 157 162 158 161 160 161 158 159 158 160 160 160 157 159 159 158 
113 110 112 112 109 107 112 111 109 110 112 108 111 111 112 112 108 109 110 113 
86 85 84 86 86 87 86 84 86 86 85 85 85 86 86 87 85 86 84 85 
69 75 75 72 75 70 70 70 73 74 72 71 72 75 70 71 73 73 69 73 
61 63 63 60 59 63 62 62 63 60 61 62 64 63 64 59 59 61 59 61 
51 54 52 55 55 54 53 52 56 56 53 55 55 53 57 58 53 55 53 57 
50 48 48 48 49 50 49 51 49 50 47 49 47 52 49 52 51 49 50 48 
47 45 44 48 47 43 45 47 46 46 45 43 47 46 44 47 44 54 46 48 
45 41 42 41 42 41 42 43 44 43 40 42 42 43 41 43 44 40 42 40 
41 41 39 40 41 40 44 39 40 41 40 39 39 41 40 39 40 41 39 40 
37 38 40 37 38 38 37 40 38 40 37 37 37 38 38 38 38 39 37 39 
36 38 38 36 36 39 36 36 38 36 37 36 38 37 38 38 37 39 39 37 
36 35 36 36 38 36 36 36 35 36 36 34 36 37 36 35 35 36 35 36 
