./varas.sh -m5 -l16 -c20 -avaras_door_width.txt -ovaras_fig_7/varas_fig_7_200ped.txt -O2 -p200 -s20 --varas-fig7 --allow-x-movement
--------------------------------------------------------------

417 417 410 411 416 415 416 420 418 411 413 408 410 412 412 415 413 417 415 420 
210 209 210 208 207 211 211 209 209 211 211 211 212 213 210 212 210 208 210 214 
147 142 145 142 141 144 146 145 146 146 143 146 149 145 142 147 142 147 147 146 
111 113 112 116 110 111 109 109 112 113 114 114 113 113 110 110 114 112 112 112 
93 94 93 97 92 94 93 95 94 94 92 91 94 92 91 93 91 90 93 90 
82 82 80 82 80 81 83 81 80 81 80 81 79 79 81 81 78 85 80 78 
70 70 74 76 71 71 73 69 73 74 74 70 73 73 73 72 69 73 71 76 
65 66 63 64 63 62 66 63 64 65 63 64 64 62 66 63 62 63 62 63 
62 57 55 61 59 61 59 60 58 59 58 58 59 58 60 57 57 58 58 57 
53 53 54 55 54 54 54 53 55 53 53 54 54 54 53 55 54 53 53 53 
51 49 51 52 50 51 49 49 51 49 54 51 49 51 52 51 50 51 50 50 
50 50 51 49 48 49 48 50 49 49 49 49 48 48 47 52 49 48 47 48 
47 47 49 47 48 46 49 50 47 46 45 47 48 46 49 48 48 47 49 46 
46 47 47 47 47 44 46 46 46 46 46 45 46 46 45 46 47 46 47 46 
