./varas.sh -m5 -l16 -c20 -avaras_door_width.txt -ovaras_fig_7/varas_fig_7_100ped.txt -O2 -p100 -s20 --varas-fig7 --allow-x-movement
--------------------------------------------------------------

209 209 209 208 205 212 211 207 203 205 206 206 209 210 212 204 208 208 208 207 
107 106 108 108 107 107 108 105 108 107 107 107 107 107 106 106 108 109 108 112 
74 79 74 77 74 75 73 76 73 73 73 74 73 76 73 75 75 70 75 74 
61 57 63 58 58 58 59 60 61 58 60 57 57 60 60 61 56 57 56 57 
51 48 50 49 49 51 49 49 51 51 47 47 50 47 47 48 52 47 48 48 
45 44 46 43 44 43 43 42 46 42 42 43 43 42 43 41 46 42 44 44 
40 37 39 38 40 38 42 36 39 37 37 37 38 37 38 40 42 38 40 39 
38 34 38 35 34 34 33 34 39 34 37 34 33 36 33 34 36 38 34 36 
33 31 32 31 32 32 33 33 34 38 34 32 35 32 32 32 34 31 33 33 
31 32 31 30 30 33 29 32 31 32 31 29 31 30 32 31 31 29 32 31 
31 29 31 30 31 32 29 29 30 28 28 32 27 29 30 31 28 28 29 30 
30 30 29 28 28 27 28 28 27 29 29 27 28 27 28 31 28 29 29 28 
28 27 28 28 27 28 27 28 28 28 30 28 28 28 28 28 26 28 29 30 
29 30 26 26 26 27 27 27 28 28 28 29 28 29 28 28 27 29 28 26 
