./varas.sh -m5 -l16 -c20 -avaras_door_width.txt -ovaras_fig_7/varas_fig_7_50ped.txt -O2 -p50 -s20 --varas-fig7 --allow-x-movement
--------------------------------------------------------------

105 105 109 106 104 109 103 104 106 104 106 103 105 102 108 107 107 104 108 112 
55 54 55 57 55 56 55 55 54 54 58 54 56 57 56 59 56 55 53 54 
40 40 37 39 42 41 40 38 40 41 42 41 39 39 41 41 40 40 40 39 
33 33 32 34 33 31 33 32 33 31 32 31 33 32 33 33 35 34 33 32 
27 29 27 30 29 30 29 29 28 31 29 27 29 28 29 25 29 28 31 29 
27 26 27 28 26 27 26 26 25 26 26 25 27 26 27 28 25 26 25 28 
27 23 24 24 26 25 27 24 24 26 23 27 26 26 24 25 25 27 24 24 
25 24 24 24 24 23 23 22 24 24 25 22 27 24 23 25 22 23 25 26 
25 24 24 23 24 25 23 24 23 23 24 25 27 23 24 24 25 25 24 26 
23 24 23 21 23 23 23 23 21 24 24 24 23 24 23 25 22 24 24 23 
21 23 23 23 23 25 23 23 23 22 23 22 23 22 24 24 22 24 23 24 
22 21 24 23 24 23 23 22 22 25 25 23 21 23 24 22 23 23 21 23 
23 22 23 21 22 23 20 23 23 21 23 23 23 22 24 21 21 21 23 22 
22 22 23 23 24 23 23 20 23 23 21 23 23 24 23 22 22 22 22 23 
