./varas.sh -m5 -l16 -c20 -avaras_door_width.txt -ovaras_fig_7_100ped.txt -O2 -p100 -s20 --na-saida --status --debug
--------------------------------------------------------------

203 203 202 202 203 202 203 202 202 202 203 202 202 202 202 204 202 202 202 202 
106 105 105 105 103 104 104 105 105 103 103 103 105 107 104 104 106 104 104 104 
74 76 75 71 73 71 73 74 73 74 75 71 77 73 74 74 72 74 72 74 
59 58 59 55 61 57 58 60 59 55 58 57 57 60 58 56 57 60 60 56 
48 50 51 46 47 50 49 46 49 49 48 49 47 52 48 49 48 46 47 47 
46 42 43 45 41 47 41 44 46 45 42 44 45 42 44 43 43 44 44 43 
37 41 37 39 38 39 40 39 38 38 37 39 40 38 39 40 39 40 37 37 
35 34 38 35 33 34 34 33 34 36 36 37 37 36 35 34 36 34 35 35 
36 33 33 34 34 33 32 37 35 33 32 33 33 32 32 34 33 33 34 33 
32 30 30 30 31 32 31 35 31 32 29 32 31 31 32 30 30 31 31 30 
29 30 30 30 29 31 31 29 30 29 29 31 28 30 31 32 30 28 32 31 
28 29 29 31 29 28 28 29 27 29 30 29 28 28 29 30 30 29 29 30 
29 26 28 27 28 28 29 27 29 28 29 30 30 30 27 28 27 30 29 30 
28 29 29 27 27 29 28 29 28 27 27 29 30 30 28 28 28 29 29 27 
