./varas.sh -m5 -l16 -c20 -avaras_door_width.txt -ovaras_fig_7_50ped.txt -O2 -p50 -s20 --na-saida --status --debug
--------------------------------------------------------------

102 102 103 104 103 103 102 102 102 102 103 102 102 102 102 103 103 102 103 103 
53 53 55 55 56 54 54 55 53 55 53 54 53 54 55 54 54 53 54 54 
38 39 40 39 38 39 42 41 41 38 39 40 39 38 42 39 40 39 39 38 
32 31 34 33 34 33 32 33 33 31 32 31 30 32 32 31 32 31 30 32 
28 29 29 27 28 29 28 27 27 31 29 28 29 30 29 26 30 27 30 28 
26 26 26 28 28 27 25 27 27 25 25 25 27 25 29 27 28 26 26 27 
25 27 24 25 26 26 27 26 24 25 23 26 27 28 26 26 24 25 23 24 
24 25 25 25 25 23 24 24 24 23 25 24 25 24 23 24 23 23 25 27 
24 24 23 23 24 25 24 26 24 25 22 25 26 24 24 26 25 25 25 24 
24 21 23 22 24 23 23 25 21 22 22 25 24 24 23 25 22 24 25 24 
21 23 23 24 23 24 23 23 23 22 23 23 22 23 25 26 23 24 25 22 
23 21 24 24 24 22 23 22 22 23 23 23 20 23 23 22 23 23 22 24 
25 24 24 22 22 23 22 23 22 21 22 23 22 22 23 21 21 22 23 23 
22 24 23 21 25 22 24 22 21 24 21 22 24 23 24 24 22 22 22 23 
