./varas.sh -m5 -l16 -c20 -avaras_door_width.txt -ovaras_fig_7_200ped.txt -O2 -p200 -s20 --na-saida --status --debug
--------------------------------------------------------------

402 402 403 403 402 403 402 402 403 402 402 402 402 403 403 403 403 405 403 402 
206 204 209 206 208 204 205 205 208 205 207 203 205 206 208 205 203 206 206 207 
143 143 144 140 142 141 139 141 139 145 138 141 141 138 143 142 140 144 145 142 
111 110 113 108 111 107 108 111 108 115 115 110 111 110 111 113 112 112 110 111 
93 92 95 94 91 90 92 93 94 92 95 91 90 93 93 91 91 92 94 93 
76 79 82 83 79 80 82 80 84 83 80 81 79 80 80 78 77 81 78 79 
72 69 69 73 72 69 72 67 73 70 70 73 72 70 72 71 72 69 75 71 
60 67 64 62 63 65 63 64 62 63 65 63 67 62 62 65 63 63 62 64 
61 57 59 59 56 56 58 58 58 58 58 56 57 57 57 59 60 59 58 56 
53 54 52 55 54 54 56 54 55 55 53 54 56 53 55 55 55 54 53 56 
51 51 52 52 52 52 50 51 51 51 51 51 52 52 52 51 52 52 52 52 
52 50 49 48 50 49 49 49 49 48 48 49 51 49 48 50 49 49 50 50 
47 48 46 48 47 47 49 48 48 48 47 48 50 49 47 49 50 48 49 49 
47 47 47 48 48 45 47 48 46 48 47 47 48 47 47 48 48 46 46 47 
