./varas.sh -m5 -l16 -c20 -avaras_door_width.txt -ovaras_fig_7_150ped.txt -O2 -p150 -s20 --na-saida --status --debug
--------------------------------------------------------------

302 302 302 303 303 302 302 302 303 302 302 302 304 303 302 302 303 304 303 302 
155 155 156 155 157 155 156 153 155 155 154 154 153 154 155 156 154 156 155 154 
107 106 107 108 106 104 104 106 104 107 107 104 107 107 107 105 106 108 110 108 
82 85 83 83 84 84 90 85 83 83 83 84 85 84 86 83 84 89 85 82 
70 74 70 72 72 71 69 71 70 70 72 69 73 69 68 70 73 70 71 69 
64 64 62 63 62 60 60 60 60 64 62 61 61 62 66 61 63 63 59 61 
56 52 54 54 54 54 58 59 54 57 53 52 54 53 54 52 55 54 56 58 
48 52 48 53 53 47 51 48 48 50 49 50 49 52 50 51 47 48 49 48 
44 45 43 47 46 45 50 47 42 45 48 45 47 46 44 44 45 46 44 47 
41 42 42 41 41 40 43 46 43 42 41 42 41 42 42 42 43 41 41 42 
40 41 42 40 39 44 41 39 40 40 42 39 40 41 41 40 40 41 40 40 
38 39 40 40 39 38 38 41 39 38 39 38 38 38 38 38 39 41 38 40 
38 37 38 38 38 40 37 38 37 38 39 36 38 39 37 39 37 38 37 37 
39 38 37 37 36 37 39 37 38 36 37 37 37 36 37 39 38 37 38 37 
