0 10 20 30
0 10 20 30
0 10 20 30
0 10 20 30
0 10 20 30
0 10 20 30
-1000 -1000 -1000 -1000 -1000 -1000 -1000 -1000 -1000 -1000 -1000 -1000 -1000 -1000 -1000 -1000 -1000 -1000 -1000 -1000 -1000 -1000 -1000 -1000 -1000 -1000 -1000 -1000 -1000 -1000 -1000 -1000 -1000 -1000 -1000 

-1000  16.0  16.1  16.2  16.4  16.7  17.0  17.3  17.7  18.1  18.6  19.1  19.6  20.2  20.8  21.4  22.1  22.8  23.5  24.2  24.9  25.7  26.4  27.2  28.0  28.8  29.6  30.4  31.3  32.1  33.0  33.8  34.7  35.6 -1000 

-1000  15.0  15.1  15.3  15.5  15.7  16.0  16.4  16.8  17.2  17.7  18.2  18.8  19.4  20.0  20.7  21.3  22.0  22.8  23.5  24.2  25.0  25.8  26.6  27.4  28.2  29.1  29.9  30.8  31.6  32.5  33.4  34.3  35.2 -1000 

-1000  14.0  14.1  14.3  14.5  14.8  15.1  15.5  15.9  16.4  16.9  17.4  18.0  18.6  19.3  19.9  20.6  21.3  22.1  22.8  23.6  24.4  25.2  26.0  26.8  27.7  28.5  29.4  30.2  31.1  32.0  32.9  33.8  34.8 -1000 

-1000  13.0  13.1  13.3  13.5  13.8  14.2  14.6  15.0  15.5  16.0  16.6  17.2  17.8  18.5  19.2  19.9  20.7  21.4  22.2  23.0  23.8  24.6  25.5  26.3  27.2  28.0  28.9  29.8  30.7  31.6  32.5  33.5  34.4 -1000 

-1000  12.0  12.1  12.3  12.6  12.9  13.2  13.7  14.1  14.6  15.2  15.8  16.4  17.1  17.8  18.5  19.3  20.0  20.8  21.6  22.4  23.2  24.1  24.9  25.8  26.7  27.6  28.5  29.4  30.3  31.2  32.2  33.1  34.0 -1000 

-1000  11.0  11.2  11.3  11.6  11.9  12.3  12.8  13.3  13.8  14.4  15.0  15.7  16.4  17.1  17.8  18.6  19.4  20.2  21.0  21.9  22.7  23.6  24.4  25.3  26.2  27.1  28.1  29.0  29.9  30.9  31.8  32.8  33.7 -1000 

-1000  10.0  10.2  10.4  10.6  11.0  11.4  11.9  12.4  13.0  13.6  14.3  15.0  15.7  16.4  17.2  18.0  18.8  19.6  20.5  21.3  22.2  23.1  24.0  24.9  25.8  26.8  27.7  28.6  29.6  30.5  31.5  32.4  33.4 -1000 

-1000   9.0   9.2   9.4   9.7  10.1  10.5  11.0  11.6  12.2  12.9  13.6  14.3  15.0  15.8  16.6  17.4  18.2  19.1  20.0  20.8  21.8  22.7  23.6  24.5  25.5  26.4  27.4  28.3  29.3  30.2  31.2  32.2  33.1 -1000 

-1000   8.0   8.2   8.4   8.8   9.2   9.7  10.2  10.8  11.5  12.1  12.9  13.6  14.4  15.2  16.0  16.9  17.7  18.6  19.5  20.5  21.4  22.3  23.3  24.2  25.2  26.1  27.1  28.0  29.0  30.0  30.9  31.9  32.9 -1000 

-1000   7.1   7.2   7.5   7.8   8.3   8.8   9.4  10.0  10.7  11.5  12.2  13.0  13.8  14.6  15.5  16.4  17.3  18.2  19.2  20.1  21.1  22.0  23.0  23.9  24.9  25.8  26.8  27.8  28.7  29.7  30.7  31.7  32.6 -1000 

-1000   6.1   6.2   6.5   6.9   7.4   8.0   8.6   9.3  10.0  10.8  11.6  12.4  13.3  14.1  15.1  16.0  16.9  17.9  18.8  19.8  20.8  21.7  22.7  23.7  24.6  25.6  26.6  27.6  28.5  29.5  30.5  31.5  32.5 -1000 

-1000   5.1   5.3   5.6   6.1   6.6   7.2   7.9   8.6   9.4  10.2  11.0  11.9  12.8  13.8  14.7  15.7  16.6  17.6  18.6  19.5  20.5  21.5  22.5  23.4  24.4  25.4  26.4  27.4  28.3  29.3  30.3  31.3  32.3 -1000 

-1000   4.1   4.3   4.7   5.2   5.8   6.5   7.2   8.0   8.8   9.7  10.6  11.6  12.5  13.5  14.4  15.4  16.4  17.4  18.3  19.3  20.3  21.3  22.3  23.2  24.2  25.2  26.2  27.2  28.2  29.2  30.2  31.2  32.2 -1000 

-1000   3.1   3.4   3.8   4.4   5.1   5.8   6.6   7.5   8.4   9.4  10.3  11.3  12.3  13.2  14.2  15.2  16.2  17.2  18.2  19.1  20.1  21.1  22.1  23.1  24.1  25.1  26.1  27.1  28.1  29.1  30.1  31.1  32.1 -1000 

  2.0   2.1   2.5   3.0   3.7   4.4   5.2   6.2   7.2   8.1   9.1  10.1  11.1  12.1  13.1  14.0  15.0  16.0  17.0  18.0  19.0  20.0  21.0  22.0  23.0  24.0  25.0  26.0  27.0  28.0  29.0  30.0  31.0  32.0 -1000 

  1.0   1.2   1.6   2.2   3.0   4.0   5.0   6.0   7.0   8.0   9.0  10.0  11.0  12.0  13.0  13.9  14.9  15.9  16.9  17.9  18.9  19.9  20.9  21.9  22.9  23.9  24.9  25.9  26.9  27.9  28.9  29.9  30.9  31.9 -1000 

  0.0   0.2   0.9   1.9   2.9   3.9   4.9   5.9   6.9   7.9   8.9   9.9  10.9  11.9  12.9  13.9  14.9  15.9  16.9  17.9  18.9  19.9  20.9  21.9  22.9  23.9  24.9  25.9  26.9  27.9  28.9  29.9  30.9  31.9 -1000 

  1.0   1.2   1.6   2.2   3.0   4.0   5.0   6.0   7.0   8.0   9.0  10.0  11.0  12.0  13.0  13.9  14.9  15.9  16.9  17.9  18.9  19.9  20.9  21.9  22.9  23.9  24.9  25.9  26.9  27.9  28.9  29.9  30.9  31.9 -1000 

  2.0   2.1   2.5   3.0   3.7   4.4   5.2   6.2   7.2   8.1   9.1  10.1  11.1  12.1  13.1  14.0  15.0  16.0  17.0  18.0  19.0  20.0  21.0  22.0  23.0  24.0  25.0  26.0  27.0  28.0  29.0  30.0  31.0  32.0 -1000 

-1000   3.1   3.4   3.8   4.4   5.1   5.8   6.6   7.5   8.4   9.4  10.3  11.3  12.3  13.2  14.2  15.2  16.2  17.2  18.2  19.1  20.1  21.1  22.1  23.1  24.1  25.1  26.1  27.1  28.1  29.1  30.1  31.1  32.1 -1000 

-1000   4.1   4.3   4.7   5.2   5.8   6.5   7.2   8.0   8.8   9.7  10.6  11.6  12.5  13.5  14.4  15.4  16.4  17.4  18.3  19.3  20.3  21.3  22.3  23.2  24.2  25.2  26.2  27.2  28.2  29.2  30.2  31.2  32.2 -1000 

-1000   5.1   5.3   5.6   6.1   6.6   7.2   7.9   8.6   9.4  10.2  11.0  11.9  12.8  13.8  14.7  15.7  16.6  17.6  18.6  19.5  20.5  21.5  22.5  23.4  24.4  25.4  26.4  27.4  28.3  29.3  30.3  31.3  32.3 -1000 

-1000   6.1   6.2   6.5   6.9   7.4   8.0   8.6   9.3  10.0  10.8  11.6  12.4  13.3  14.1  15.1  16.0  16.9  17.9  18.8  19.8  20.8  21.7  22.7  23.7  24.6  25.6  26.6  27.6  28.5  29.5  30.5  31.5  32.5 -1000 

-1000   7.1   7.2   7.5   7.8   8.3   8.8   9.4  10.0  10.7  11.5  12.2  13.0  13.8  14.6  15.5  16.4  17.3  18.2  19.2  20.1  21.1  22.0  23.0  23.9  24.9  25.8  26.8  27.8  28.7  29.7  30.7  31.7  32.6 -1000 

-1000   8.0   8.2   8.4   8.8   9.2   9.7  10.2  10.8  11.5  12.1  12.9  13.6  14.4  15.2  16.0  16.9  17.7  18.6  19.5  20.5  21.4  22.3  23.3  24.2  25.2  26.1  27.1  28.0  29.0  30.0  30.9  31.9  32.9 -1000 

-1000   9.0   9.2   9.4   9.7  10.1  10.5  11.0  11.6  12.2  12.9  13.6  14.3  15.0  15.8  16.6  17.4  18.2  19.1  20.0  20.8  21.8  22.7  23.6  24.5  25.5  26.4  27.4  28.3  29.3  30.2  31.2  32.2  33.1 -1000 

-1000  10.0  10.2  10.4  10.6  11.0  11.4  11.9  12.4  13.0  13.6  14.3  15.0  15.7  16.4  17.2  18.0  18.8  19.6  20.5  21.3  22.2  23.1  24.0  24.9  25.8  26.8  27.7  28.6  29.6  30.5  31.5  32.4  33.4 -1000 

-1000  11.0  11.2  11.3  11.6  11.9  12.3  12.8  13.3  13.8  14.4  15.0  15.7  16.4  17.1  17.8  18.6  19.4  20.2  21.0  21.9  22.7  23.6  24.4  25.3  26.2  27.1  28.1  29.0  29.9  30.9  31.8  32.8  33.7 -1000 

-1000  12.0  12.1  12.3  12.6  12.9  13.2  13.7  14.1  14.6  15.2  15.8  16.4  17.1  17.8  18.5  19.3  20.0  20.8  21.6  22.4  23.2  24.1  24.9  25.8  26.7  27.6  28.5  29.4  30.3  31.2  32.2  33.1  34.0 -1000 

-1000  13.0  13.1  13.3  13.5  13.8  14.2  14.6  15.0  15.5  16.0  16.6  17.2  17.8  18.5  19.2  19.9  20.7  21.4  22.2  23.0  23.8  24.6  25.5  26.3  27.2  28.0  28.9  29.8  30.7  31.6  32.5  33.5  34.4 -1000 

-1000  14.0  14.1  14.3  14.5  14.8  15.1  15.5  15.9  16.4  16.9  17.4  18.0  18.6  19.3  19.9  20.6  21.3  22.1  22.8  23.6  24.4  25.2  26.0  26.8  27.7  28.5  29.4  30.2  31.1  32.0  32.9  33.8  34.8 -1000 

-1000  15.0  15.1  15.3  15.5  15.7  16.0  16.4  16.8  17.2  17.7  18.2  18.8  19.4  20.0  20.7  21.3  22.0  22.8  23.5  24.2  25.0  25.8  26.6  27.4  28.2  29.1  29.9  30.8  31.6  32.5  33.4  34.3  35.2 -1000 

-1000  16.0  16.1  16.2  16.4  16.7  17.0  17.3  17.7  18.1  18.6  19.1  19.6  20.2  20.8  21.4  22.1  22.8  23.5  24.2  24.9  25.7  26.4  27.2  28.0  28.8  29.6  30.4  31.3  32.1  33.0  33.8  34.7  35.6 -1000 

-1000 -1000 -1000 -1000 -1000 -1000 -1000 -1000 -1000 -1000 -1000 -1000 -1000 -1000 -1000 -1000 -1000 -1000 -1000 -1000 -1000 -1000 -1000 -1000 -1000 -1000 -1000 -1000 -1000 -1000 -1000 -1000 -1000 -1000 -1000 
