0 10 20 30
0 10 20 30
0 10 20 30
0 10 20 30
0 10 20 30
0 10 20 30
-1000 -1000 -1000 -1000 -1000 -1000 -1000 -1000 -1000 -1000 -1000 -1000 -1000 -1000 -1000 -1000 -1000 -1000 -1000 -1000 -1000 -1000 -1000 -1000 -1000 -1000 -1000 -1000 -1000 -1000 -1000 -1000 -1000 -1000 -1000 

-1000  21.8  21.7  21.5  21.3  21.0  20.6  20.2  19.7  19.2  18.6  18.0  17.4  16.7  16.0  15.3  14.6  13.8  13.0  12.2  11.4  10.6   9.8   8.9   8.1   7.2   6.3   5.4   4.5   3.6   2.7   1.8   0.9   0.0 -1000 

-1000  22.8  22.7  22.5  22.2  21.9  21.5  21.1  20.6  20.0  19.4  18.8  18.2  17.5  16.7  16.0  15.2  14.4  13.6  12.8  12.0  11.1  10.3   9.4   8.6   7.7   6.8   5.9   5.0   4.1   3.2   2.2   1.3   0.4 -1000 

-1000  23.8  23.7  23.5  23.2  22.8  22.4  22.0  21.4  20.8  20.2  19.6  18.9  18.2  17.4  16.6  15.8  15.0  14.2  13.4  12.5  11.7  10.8   9.9   9.0   8.1   7.2   6.3   5.4   4.5   3.5   2.6   1.7   0.7 -1000 

-1000  24.8  24.7  24.4  24.1  23.8  23.3  22.8  22.2  21.6  21.0  20.3  19.6  18.8  18.0  17.2  16.4  15.6  14.8  13.9  13.0  12.1  11.3  10.4   9.4   8.5   7.6   6.7   5.8   4.8   3.9   3.0   2.0   1.1 -1000 

-1000  25.8  25.6  25.4  25.1  24.7  24.2  23.6  23.0  22.4  21.7  21.0  20.2  19.4  18.6  17.8  17.0  16.1  15.3  14.4  13.5  12.6  11.7  10.8   9.8   8.9   8.0   7.1   6.1   5.2   4.2   3.3   2.3   1.4 -1000 

-1000  26.8  26.6  26.4  26.0  25.6  25.0  24.4  23.8  23.1  22.4  21.6  20.8  20.0  19.2  18.4  17.5  16.6  15.7  14.8  13.9  13.0  12.1  11.1  10.2   9.3   8.3   7.4   6.4   5.5   4.5   3.6   2.6   1.6 -1000 

-1000  27.8  27.6  27.3  26.9  26.4  25.8  25.2  24.5  23.8  23.0  22.2  21.4  20.6  19.7  18.8  18.0  17.1  16.1  15.2  14.3  13.4  12.4  11.5  10.5   9.6   8.6   7.7   6.7   5.8   4.8   3.8   2.9   1.9 -1000 

-1000  28.8  28.6  28.2  27.8  27.2  26.6  25.9  25.2  24.4  23.6  22.8  22.0  21.1  20.2  19.3  18.4  17.5  16.5  15.6  14.7  13.7  12.8  11.8  10.8   9.9   8.9   8.0   7.0   6.0   5.0   4.1   3.1   2.1 -1000 

-1000  29.8  29.5  29.1  28.6  28.0  27.4  26.6  25.8  25.0  24.2  23.3  22.4  21.5  20.6  19.7  18.8  17.8  16.9  15.9  15.0  14.0  13.0  12.1  11.1  10.1   9.2   8.2   7.2   6.2   5.3   4.3   3.3   2.3 -1000 

-1000  30.7  30.5  30.0  29.4  28.8  28.0  27.2  26.4  25.6  24.7  23.8  22.8  21.9  21.0  20.0  19.1  18.1  17.2  16.2  15.2  14.3  13.3  12.3  11.3  10.4   9.4   8.4   7.4   6.4   5.4   4.4   3.5   2.5 -1000 

-1000  31.7  31.4  30.8  30.2  29.4  28.6  27.8  26.9  26.0  25.1  24.1  23.2  22.2  21.3  20.3  19.4  18.4  17.4  16.4  15.5  14.5  13.5  12.5  11.5  10.5   9.5   8.6   7.6   6.6   5.6   4.6   3.6   2.6 -1000 

-1000  32.7  32.2  31.6  30.8  30.0  29.1  28.2  27.3  26.4  25.4  24.4  23.5  22.5  21.5  20.5  19.6  18.6  17.6  16.6  15.6  14.6  13.6  12.7  11.7  10.7   9.7   8.7   7.7   6.7   5.7   4.7   3.7   2.7 -1000 

-1000  33.6  33.0  32.2  31.4  30.5  29.5  28.6  27.6  26.6  25.6  24.7  23.7  22.7  21.7  20.7  19.7  18.7  17.7  16.7  15.7  14.8  13.8  12.8  11.8  10.8   9.8   8.8   7.8   6.8   5.8   4.8   3.8   2.8 -1000 

-1000  34.4  33.6  32.7  31.7  30.7  29.8  28.8  27.8  26.8  25.8  24.8  23.8  22.8  21.8  20.8  19.8  18.8  17.8  16.8  15.8  14.8  13.8  12.8  11.8  10.8   9.8   8.8   7.8   6.8   5.8   4.8   3.8   2.8 -1000 

 35.8  34.8  33.8  32.8  31.8  30.8  29.8  28.8  27.8  26.8  25.8  24.8  23.8  22.8  21.8  20.8  19.8  18.8  17.8  16.8  15.8  14.8  13.8  12.8  11.8  10.8   9.8   8.8   7.8   6.8   5.8   4.8   3.8   2.8 -1000 

 35.8  34.8  33.8  32.8  31.8  30.8  29.8  28.8  27.8  26.8  25.8  24.8  23.8  22.8  21.8  20.8  19.8  18.8  17.8  16.8  15.8  14.8  13.8  12.8  11.8  10.8   9.8   8.8   7.8   6.8   5.8   4.8   3.8   2.8 -1000 

 35.8  34.8  33.8  32.8  31.8  30.8  29.8  28.8  27.8  26.8  25.8  24.8  23.8  22.8  21.8  20.8  19.8  18.8  17.8  16.8  15.8  14.8  13.8  12.8  11.8  10.8   9.8   8.8   7.8   6.8   5.8   4.8   3.8   2.8 -1000 

 35.8  34.8  33.8  32.8  31.8  30.8  29.8  28.8  27.8  26.8  25.8  24.8  23.8  22.8  21.8  20.8  19.8  18.8  17.8  16.8  15.8  14.8  13.8  12.8  11.8  10.8   9.8   8.8   7.8   6.8   5.8   4.8   3.8   2.8 -1000 

 35.8  34.8  33.8  32.8  31.8  30.8  29.8  28.8  27.8  26.8  25.8  24.8  23.8  22.8  21.8  20.8  19.8  18.8  17.8  16.8  15.8  14.8  13.8  12.8  11.8  10.8   9.8   8.8   7.8   6.8   5.8   4.8   3.8   2.8 -1000 

-1000  34.4  33.6  32.7  31.7  30.7  29.8  28.8  27.8  26.8  25.8  24.8  23.8  22.8  21.8  20.8  19.8  18.8  17.8  16.8  15.8  14.8  13.8  12.8  11.8  10.8   9.8   8.8   7.8   6.8   5.8   4.8   3.8   2.8 -1000 

-1000  33.6  33.0  32.2  31.4  30.5  29.5  28.6  27.6  26.6  25.6  24.7  23.7  22.7  21.7  20.7  19.7  18.7  17.7  16.7  15.7  14.8  13.8  12.8  11.8  10.8   9.8   8.8   7.8   6.8   5.8   4.8   3.8   2.8 -1000 

-1000  32.7  32.2  31.6  30.8  30.0  29.1  28.2  27.3  26.4  25.4  24.4  23.5  22.5  21.5  20.5  19.6  18.6  17.6  16.6  15.6  14.6  13.6  12.7  11.7  10.7   9.7   8.7   7.7   6.7   5.7   4.7   3.7   2.7 -1000 

-1000  31.7  31.4  30.8  30.2  29.4  28.6  27.8  26.9  26.0  25.1  24.1  23.2  22.2  21.3  20.3  19.4  18.4  17.4  16.4  15.5  14.5  13.5  12.5  11.5  10.5   9.5   8.6   7.6   6.6   5.6   4.6   3.6   2.6 -1000 

-1000  30.7  30.5  30.0  29.4  28.8  28.0  27.2  26.4  25.6  24.7  23.8  22.8  21.9  21.0  20.0  19.1  18.1  17.2  16.2  15.2  14.3  13.3  12.3  11.3  10.4   9.4   8.4   7.4   6.4   5.4   4.4   3.5   2.5 -1000 

-1000  29.8  29.5  29.1  28.6  28.0  27.4  26.6  25.8  25.0  24.2  23.3  22.4  21.5  20.6  19.7  18.8  17.8  16.9  15.9  15.0  14.0  13.0  12.1  11.1  10.1   9.2   8.2   7.2   6.2   5.3   4.3   3.3   2.3 -1000 

-1000  28.8  28.6  28.2  27.8  27.2  26.6  25.9  25.2  24.4  23.6  22.8  22.0  21.1  20.2  19.3  18.4  17.5  16.5  15.6  14.7  13.7  12.8  11.8  10.8   9.9   8.9   8.0   7.0   6.0   5.0   4.1   3.1   2.1 -1000 

-1000  27.8  27.6  27.3  26.9  26.4  25.8  25.2  24.5  23.8  23.0  22.2  21.4  20.6  19.7  18.8  18.0  17.1  16.1  15.2  14.3  13.4  12.4  11.5  10.5   9.6   8.6   7.7   6.7   5.8   4.8   3.8   2.9   1.9 -1000 

-1000  26.8  26.6  26.4  26.0  25.6  25.0  24.4  23.8  23.1  22.4  21.6  20.8  20.0  19.2  18.4  17.5  16.6  15.7  14.8  13.9  13.0  12.1  11.1  10.2   9.3   8.3   7.4   6.4   5.5   4.5   3.6   2.6   1.6 -1000 

-1000  25.8  25.6  25.4  25.1  24.7  24.2  23.6  23.0  22.4  21.7  21.0  20.2  19.4  18.6  17.8  17.0  16.1  15.3  14.4  13.5  12.6  11.7  10.8   9.8   8.9   8.0   7.1   6.1   5.2   4.2   3.3   2.3   1.4 -1000 

-1000  24.8  24.7  24.4  24.1  23.8  23.3  22.8  22.2  21.6  21.0  20.3  19.6  18.8  18.0  17.2  16.4  15.6  14.8  13.9  13.0  12.1  11.3  10.4   9.4   8.5   7.6   6.7   5.8   4.8   3.9   3.0   2.0   1.1 -1000 

-1000  23.8  23.7  23.5  23.2  22.8  22.4  22.0  21.4  20.8  20.2  19.6  18.9  18.2  17.4  16.6  15.8  15.0  14.2  13.4  12.5  11.7  10.8   9.9   9.0   8.1   7.2   6.3   5.4   4.5   3.5   2.6   1.7   0.7 -1000 

-1000  22.8  22.7  22.5  22.2  21.9  21.5  21.1  20.6  20.0  19.4  18.8  18.2  17.5  16.7  16.0  15.2  14.4  13.6  12.8  12.0  11.1  10.3   9.4   8.6   7.7   6.8   5.9   5.0   4.1   3.2   2.2   1.3   0.4 -1000 

-1000  21.8  21.7  21.5  21.3  21.0  20.6  20.2  19.7  19.2  18.6  18.0  17.4  16.7  16.0  15.3  14.6  13.8  13.0  12.2  11.4  10.6   9.8   8.9   8.1   7.2   6.3   5.4   4.5   3.6   2.7   1.8   0.9   0.0 -1000 

-1000 -1000 -1000 -1000 -1000 -1000 -1000 -1000 -1000 -1000 -1000 -1000 -1000 -1000 -1000 -1000 -1000 -1000 -1000 -1000 -1000 -1000 -1000 -1000 -1000 -1000 -1000 -1000 -1000 -1000 -1000 -1000 -1000 -1000 -1000 
