0 10 20 30
0 10 20 30
0 10 20 30
0 10 20 30
0 10 20 30
0 10 20 30
-1000 -1000 -1000 -1000 -1000 -1000 -1000 -1000 -1000 -1000 -1000 -1000 -1000 -1000 -1000 -1000 -1000 -1000 -1000 -1000 -1000 -1000 -1000 -1000 -1000 -1000 -1000 -1000 -1000 -1000 -1000 -1000 -1000 -1000 -1000 

-1000  19.6  19.5  19.3  19.2  18.9  18.6  18.3  17.9  17.5  17.0  16.5  16.0  15.4  14.8  14.2  13.5  12.8  12.1  11.4  10.7   9.9   9.2   8.4   7.6   6.8   6.0   5.1   4.3   3.5   2.6   1.7   0.9   0.0 -1000 

-1000  20.6  20.5  20.3  20.1  19.9  19.6  19.2  18.8  18.4  17.9  17.3  16.8  16.2  15.6  14.9  14.2  13.5  12.8  12.1  11.3  10.6   9.8   9.0   8.2   7.4   6.5   5.7   4.8   4.0   3.1   2.2   1.3   0.4 -1000 

-1000  21.6  21.5  21.3  21.1  20.8  20.5  20.1  19.7  19.2  18.7  18.2  17.6  17.0  16.3  15.7  15.0  14.2  13.5  12.8  12.0  11.2  10.4   9.6   8.7   7.9   7.1   6.2   5.3   4.5   3.6   2.7   1.7   0.8 -1000 

-1000  22.6  22.5  22.3  22.1  21.8  21.4  21.0  20.6  20.1  19.6  19.0  18.4  17.7  17.1  16.4  15.7  14.9  14.2  13.4  12.6  11.8  11.0  10.1   9.3   8.4   7.6   6.7   5.8   4.9   4.0   3.1   2.1   1.2 -1000 

-1000  23.6  23.4  23.3  23.0  22.7  22.4  21.9  21.5  20.9  20.4  19.8  19.2  18.5  17.8  17.1  16.3  15.6  14.8  14.0  13.2  12.4  11.5  10.7   9.8   8.9   8.0   7.1   6.2   5.3   4.4   3.4   2.5   1.6 -1000 

-1000  24.6  24.4  24.2  24.0  23.7  23.3  22.8  22.3  21.8  21.2  20.6  19.9  19.2  18.5  17.7  17.0  16.2  15.4  14.6  13.7  12.9  12.0  11.2  10.3   9.4   8.4   7.5   6.6   5.7   4.7   3.8   2.8   1.9 -1000 

-1000  25.5  25.4  25.2  24.9  24.6  24.2  23.7  23.2  22.6  22.0  21.3  20.6  19.9  19.2  18.4  17.6  16.8  16.0  15.1  14.3  13.4  12.5  11.6  10.7   9.7   8.8   7.9   6.9   6.0   5.1   4.1   3.1   2.2 -1000 

-1000  26.5  26.4  26.2  25.9  25.5  25.1  24.6  24.0  23.4  22.7  22.0  21.3  20.6  19.8  19.0  18.2  17.3  16.5  15.6  14.7  13.8  12.9  12.0  11.0  10.1   9.2   8.2   7.3   6.3   5.4   4.4   3.4   2.5 -1000 

-1000  27.5  27.4  27.1  26.8  26.4  25.9  25.4  24.8  24.1  23.4  22.7  22.0  21.2  20.4  19.6  18.7  17.9  17.0  16.1  15.1  14.2  13.3  12.3  11.4  10.4   9.5   8.5   7.6   6.6   5.6   4.7   3.7   2.7 -1000 

-1000  28.5  28.4  28.1  27.7  27.3  26.8  26.2  25.5  24.9  24.1  23.4  22.6  21.8  20.9  20.1  19.2  18.3  17.4  16.4  15.5  14.5  13.6  12.6  11.7  10.7   9.7   8.8   7.8   6.8   5.9   4.9   3.9   2.9 -1000 

-1000  29.5  29.3  29.0  28.6  28.2  27.6  27.0  26.3  25.5  24.8  24.0  23.2  22.3  21.4  20.5  19.6  18.6  17.7  16.7  15.8  14.8  13.9  12.9  11.9  11.0  10.0   9.0   8.0   7.1   6.1   5.1   4.1   3.1 -1000 

-1000  30.5  30.3  30.0  29.5  29.0  28.4  27.7  27.0  26.2  25.4  24.6  23.7  22.7  21.8  20.9  19.9  19.0  18.0  17.0  16.1  15.1  14.1  13.1  12.2  11.2  10.2   9.2   8.2   7.2   6.3   5.3   4.3   3.3 -1000 

-1000  31.5  31.3  30.9  30.4  29.8  29.1  28.4  27.6  26.8  25.9  25.0  24.0  23.1  22.1  21.2  20.2  19.2  18.2  17.3  16.3  15.3  14.3  13.3  12.3  11.4  10.4   9.4   8.4   7.4   6.4   5.4   4.4   3.4 -1000 

-1000  32.5  32.2  31.8  31.2  30.5  29.8  29.0  28.1  27.2  26.2  25.3  24.3  23.3  22.4  21.4  20.4  19.4  18.4  17.4  16.5  15.5  14.5  13.5  12.5  11.5  10.5   9.5   8.5   7.5   6.5   5.5   4.5   3.5 -1000 

 33.6  33.5  33.1  32.6  31.9  31.2  30.3  29.4  28.4  27.5  26.5  25.5  24.5  23.5  22.5  21.5  20.5  19.6  18.6  17.6  16.6  15.6  14.6  13.6  12.6  11.6  10.6   9.6   8.6   7.6   6.6   5.6   4.6   3.6 -1000 

 34.6  34.4  34.0  33.3  32.6  31.6  30.6  29.6  28.6  27.6  26.6  25.6  24.6  23.6  22.6  21.6  20.6  19.6  18.6  17.6  16.6  15.7  14.7  13.7  12.7  11.7  10.7   9.7   8.7   7.7   6.7   5.7   4.7   3.7 -1000 

 35.6  35.4  34.7  33.7  32.7  31.7  30.7  29.7  28.7  27.7  26.7  25.7  24.7  23.7  22.7  21.7  20.7  19.7  18.7  17.7  16.7  15.7  14.7  13.7  12.7  11.7  10.7   9.7   8.7   7.7   6.7   5.7   4.7   3.7 -1000 

 34.6  34.4  34.0  33.3  32.6  31.6  30.6  29.6  28.6  27.6  26.6  25.6  24.6  23.6  22.6  21.6  20.6  19.6  18.6  17.6  16.6  15.7  14.7  13.7  12.7  11.7  10.7   9.7   8.7   7.7   6.7   5.7   4.7   3.7 -1000 

 33.6  33.5  33.1  32.6  31.9  31.2  30.3  29.4  28.4  27.5  26.5  25.5  24.5  23.5  22.5  21.5  20.5  19.6  18.6  17.6  16.6  15.6  14.6  13.6  12.6  11.6  10.6   9.6   8.6   7.6   6.6   5.6   4.6   3.6 -1000 

-1000  32.5  32.2  31.8  31.2  30.5  29.8  29.0  28.1  27.2  26.2  25.3  24.3  23.3  22.4  21.4  20.4  19.4  18.4  17.4  16.5  15.5  14.5  13.5  12.5  11.5  10.5   9.5   8.5   7.5   6.5   5.5   4.5   3.5 -1000 

-1000  31.5  31.3  30.9  30.4  29.8  29.1  28.4  27.6  26.8  25.9  25.0  24.0  23.1  22.1  21.2  20.2  19.2  18.2  17.3  16.3  15.3  14.3  13.3  12.3  11.4  10.4   9.4   8.4   7.4   6.4   5.4   4.4   3.4 -1000 

-1000  30.5  30.3  30.0  29.5  29.0  28.4  27.7  27.0  26.2  25.4  24.6  23.7  22.7  21.8  20.9  19.9  19.0  18.0  17.0  16.1  15.1  14.1  13.1  12.2  11.2  10.2   9.2   8.2   7.2   6.3   5.3   4.3   3.3 -1000 

-1000  29.5  29.3  29.0  28.6  28.2  27.6  27.0  26.3  25.5  24.8  24.0  23.2  22.3  21.4  20.5  19.6  18.6  17.7  16.7  15.8  14.8  13.9  12.9  11.9  11.0  10.0   9.0   8.0   7.1   6.1   5.1   4.1   3.1 -1000 

-1000  28.5  28.4  28.1  27.7  27.3  26.8  26.2  25.5  24.9  24.1  23.4  22.6  21.8  20.9  20.1  19.2  18.3  17.4  16.4  15.5  14.5  13.6  12.6  11.7  10.7   9.7   8.8   7.8   6.8   5.9   4.9   3.9   2.9 -1000 

-1000  27.5  27.4  27.1  26.8  26.4  25.9  25.4  24.8  24.1  23.4  22.7  22.0  21.2  20.4  19.6  18.7  17.9  17.0  16.1  15.1  14.2  13.3  12.3  11.4  10.4   9.5   8.5   7.6   6.6   5.6   4.7   3.7   2.7 -1000 

-1000  26.5  26.4  26.2  25.9  25.5  25.1  24.6  24.0  23.4  22.7  22.0  21.3  20.6  19.8  19.0  18.2  17.3  16.5  15.6  14.7  13.8  12.9  12.0  11.0  10.1   9.2   8.2   7.3   6.3   5.4   4.4   3.4   2.5 -1000 

-1000  25.5  25.4  25.2  24.9  24.6  24.2  23.7  23.2  22.6  22.0  21.3  20.6  19.9  19.2  18.4  17.6  16.8  16.0  15.1  14.3  13.4  12.5  11.6  10.7   9.7   8.8   7.9   6.9   6.0   5.1   4.1   3.1   2.2 -1000 

-1000  24.6  24.4  24.2  24.0  23.7  23.3  22.8  22.3  21.8  21.2  20.6  19.9  19.2  18.5  17.7  17.0  16.2  15.4  14.6  13.7  12.9  12.0  11.2  10.3   9.4   8.4   7.5   6.6   5.7   4.7   3.8   2.8   1.9 -1000 

-1000  23.6  23.4  23.3  23.0  22.7  22.4  21.9  21.5  20.9  20.4  19.8  19.2  18.5  17.8  17.1  16.3  15.6  14.8  14.0  13.2  12.4  11.5  10.7   9.8   8.9   8.0   7.1   6.2   5.3   4.4   3.4   2.5   1.6 -1000 

-1000  22.6  22.5  22.3  22.1  21.8  21.4  21.0  20.6  20.1  19.6  19.0  18.4  17.7  17.1  16.4  15.7  14.9  14.2  13.4  12.6  11.8  11.0  10.1   9.3   8.4   7.6   6.7   5.8   4.9   4.0   3.1   2.1   1.2 -1000 

-1000  21.6  21.5  21.3  21.1  20.8  20.5  20.1  19.7  19.2  18.7  18.2  17.6  17.0  16.3  15.7  15.0  14.2  13.5  12.8  12.0  11.2  10.4   9.6   8.7   7.9   7.1   6.2   5.3   4.5   3.6   2.7   1.7   0.8 -1000 

-1000  20.6  20.5  20.3  20.1  19.9  19.6  19.2  18.8  18.4  17.9  17.3  16.8  16.2  15.6  14.9  14.2  13.5  12.8  12.1  11.3  10.6   9.8   9.0   8.2   7.4   6.5   5.7   4.8   4.0   3.1   2.2   1.3   0.4 -1000 

-1000  19.6  19.5  19.3  19.2  18.9  18.6  18.3  17.9  17.5  17.0  16.5  16.0  15.4  14.8  14.2  13.5  12.8  12.1  11.4  10.7   9.9   9.2   8.4   7.6   6.8   6.0   5.1   4.3   3.5   2.6   1.7   0.9   0.0 -1000 

-1000 -1000 -1000 -1000 -1000 -1000 -1000 -1000 -1000 -1000 -1000 -1000 -1000 -1000 -1000 -1000 -1000 -1000 -1000 -1000 -1000 -1000 -1000 -1000 -1000 -1000 -1000 -1000 -1000 -1000 -1000 -1000 -1000 -1000 -1000 
