0 20 40 60
0 20 40 60
0 10 20 30
0 10 20 30
0 10 20 30
0 10 20 30
-1000 -1000 -1000 -1000 -1000 -1000 -1000 -1000 -1000 -1000 -1000 -1000 -1000 -1000 -1000 -1000 -1000 -1000 -1000 -1000 -1000 -1000 -1000 -1000 -1000 -1000 -1000 -1000 -1000 -1000 -1000 -1000 -1000 -1000 -1000

-1000  55.0  54.5  54.0  53.5  53.0  51.5  50.0  48.0  47.0  46.0  45.0  44.0  42.0  40.0  38.0  37.0  35.5  34.5  33.0  31.5  28.5  26.5  25.0  22.5  19.0  17.5  15.5  13.0  12.0  10.0   7.0   6.0   4.0 -1000

-1000  56.0  55.5  55.0  54.5  53.5  52.0  50.5  49.0  47.5  46.5  45.5  44.5  43.5  41.0  39.5  37.5  36.5  35.0  33.5  32.0  30.5  28.0  26.0  23.5  21.0  18.0  16.5  14.0  12.5  11.0   9.0   6.5   5.5 -1000

-1000  57.0  56.5  56.0  55.0  54.0  53.0  51.5  50.0  48.0  47.0  46.0  45.0  44.0  42.0  40.0  38.0  37.0  35.5  34.5  33.0  31.5  28.5  26.5  25.0  22.5  19.0  17.5  15.5  13.0  12.0  10.0   7.0   6.0 -1000

-1000  58.0  57.5  56.5  55.5  54.5  53.5  52.0  50.5  49.0  47.5  46.5  45.5  44.5  43.5  41.0  39.5  37.5  36.5  35.0  33.5  32.0  30.5  28.0  26.0  23.5  21.0  18.0  16.5  14.0  12.5  11.0   9.0   6.5 -1000

-1000  59.5  58.0  57.0  56.0  55.0  54.0  53.0  51.5  50.0  48.0  47.0  46.0  45.0  44.0  42.0  40.0  38.0  37.0  35.5  34.5  33.0  31.5  28.5  26.5  25.0  22.5  19.0  17.5  15.5  13.0  12.0  10.0   7.0 -1000

 61.5  60.5  59.0  57.5  56.5  55.5  54.5  53.5  52.0  50.5  49.0  47.5  46.5  45.5  44.5  43.5  41.0  39.5  37.5  36.5  35.0  33.5  32.0  30.5  28.0  26.0  23.5  21.0  18.0  16.5  14.0  12.5  11.0   9.0 -1000

-1000  59.5  58.0  57.0  56.0  55.0  54.0  53.0  51.5  50.0  48.0  47.0  46.0  45.0  44.0  42.0  40.0  38.0  37.0  35.5  34.5  33.0  31.5  28.5  26.5  25.0  22.5  19.0  17.5  15.5  13.0  12.0  10.0   7.0 -1000

-1000  58.0  57.5  56.5  55.5  54.5  53.5  52.0  50.5  49.0  47.5  46.5  45.5  44.5  43.5  41.0  39.5  37.5  36.5  35.0  33.5  32.0  30.5  28.0  26.0  23.5  21.0  18.0  16.5  14.0  12.5  11.0   9.0   6.5 -1000

-1000  57.0  56.5  56.0  55.0  54.0  53.0  51.5  50.0  48.0  47.0  46.0  45.0  44.0  42.0  40.0  38.0  37.0  35.5  34.5  33.0  31.5  28.5  26.5  25.0  22.5  19.0  17.5  15.5  13.0  12.0  10.0   7.0   6.0 -1000

-1000  56.0  55.5  55.0  54.5  53.5  52.0  50.5  49.0  47.5  46.5  45.5  44.5  43.5  41.0  39.5  37.5  36.5  35.0  33.5  32.0  30.5  28.0  26.0  23.5  21.0  18.0  16.5  14.0  12.5  11.0   9.0   6.5   5.5 -1000

-1000  55.0  54.5  54.0  53.5  53.0  51.5  50.0  48.0  47.0  46.0  45.0  44.0  42.0  40.0  38.0  37.0  35.5  34.5  33.0  31.5  28.5  26.5  25.0  22.5  19.0  17.5  15.5  13.0  12.0  10.0   7.0   6.0   4.0 -1000

-1000  54.0  53.5  53.0  52.0  51.5 -1000  49.0  47.5  46.5  45.5  44.5  43.5  41.0  39.5  37.5  36.5  35.0  33.5  32.0  30.5  28.0  26.0  23.5  21.0  18.0  16.5  14.0  12.5  11.0   9.0   6.5   5.5   3.0 -1000

-1000  53.0  52.0  51.5  50.5  50.0 -1000  47.5  47.0  46.0  45.0  44.0  42.0  40.0  38.0  37.0  35.5  34.5  33.0  31.5  28.5  26.5  25.0  22.5  19.0  17.5  15.5  13.0  12.0  10.0   7.0   6.0   4.0   2.5 -1000

-1000  51.5  50.5  50.0  49.0  48.0 -1000  46.5  46.0  45.5  44.5  43.5  41.0  39.5  37.5  36.5  35.0  33.5  32.0  30.5  28.0  26.0  23.5  21.0  18.0  16.5  14.0  12.5  11.0   9.0   6.5   5.5   3.0   2.0 -1000

-1000  50.0  49.0  48.0  47.5  47.0 -1000  45.5  45.0  44.5  44.0  42.0  40.0  38.0  37.0  35.5  34.5  33.0  31.5  28.5  26.5  25.0  22.5  19.0  17.5  15.5  13.0  12.0  10.0   7.0   6.0   4.0   2.5   1.0 -1000

-1000  48.0  47.5  47.0  46.5  46.0 -1000  44.5  44.0  43.5  42.0  41.0  39.5  37.5  36.5  35.0  33.5  32.0  30.5  28.0  26.0  23.5  21.0  18.0  16.5  14.0  12.5  11.0   9.0   6.5   5.5   3.0   2.0   0.0 -1000

-1000  47.0  46.5  46.0  45.5  45.0 -1000  43.5  42.0  41.0  40.0  39.5  38.5  37.0  35.5  34.5  33.5  31.5  30.0  27.5  26.5  24.0  21.5  20.0  15.5  13.0  12.0  10.0   7.0   6.0   4.0   3.0   1.0   0.0 -1000

-1000  47.5  47.0  46.0  45.0  44.0 -1000  42.5  42.0  41.5  41.0  40.0  39.0  38.0  36.0  35.0  34.0  32.0  31.0  28.0  27.0  26.0  22.5  21.0  18.0  14.0  12.0   9.5   8.0   6.5   5.0   3.5   2.5   0.5 -1000

-1000  49.0  48.5  47.5  47.0  46.0 -1000  43.5  43.0  42.5  42.0  41.0  39.5  38.5  37.0  35.5  34.5  33.5  31.5  30.0  27.5  26.5  24.0  21.5  20.0  15.0  13.0  11.0   9.0   7.0   5.5   4.0   3.0   1.0 -1000

-1000  50.5  50.0  49.0  48.5  47.5 -1000  45.0  44.0  43.5  42.5  41.5  40.0  39.0  38.0  36.0  35.0  34.0  32.0  31.0  28.0  27.0  26.0  22.5  21.0  18.0  14.0  12.0   9.5   8.0   6.5   5.0   3.5   2.5 -1000

-1000  52.5  51.0  50.5  50.0  49.0 -1000  47.0  46.0  44.0  43.0  42.0  41.0  39.5  38.5  37.0  35.5  34.5  33.5  31.5  30.0  27.5  26.5  24.0  21.5  20.0  15.0  13.0  11.0   9.0   7.0   5.5   4.0   3.0 -1000

-1000  54.0  53.5  52.5  51.0  50.5 -1000  48.5  47.0  45.0  43.5  42.5  41.5  40.0  39.0  38.0  36.0  35.0  34.0  32.0  31.0  28.0  27.0  26.0  22.5  21.0  18.0  14.0  12.0   9.5   8.0   6.5   5.0   3.5 -1000

-1000  55.5  54.5  54.0  53.5  52.5  50.5  49.0  47.5  46.0  44.0  43.0  42.0  41.0  39.5  38.5  37.0  35.5  34.5  33.5  31.5  30.0  27.5  26.5  24.0  21.5  20.0  15.0  13.0  11.0   9.0   7.0   5.5   4.0 -1000

-1000  57.0  56.5  55.5  54.5  53.5  51.0  50.0  48.5  47.0  45.0  43.5  42.5  41.5  40.0  39.0  38.0  36.0  35.0  34.0  32.0  31.0  28.0  27.0  26.0  22.5  21.0  18.0  14.0  12.0   9.5   8.0   6.5   5.0 -1000

-1000  58.0  57.5  57.0  55.5  54.0  52.5  50.5  49.0  47.5  46.0  44.0  43.0  42.0  41.0  39.5  38.5  37.0  35.5  34.5  33.5  31.5  30.0  27.5  26.5  24.0  21.5  20.0  15.0  13.0  11.0   9.0   7.0   5.5 -1000

-1000  59.0  58.5  57.5  56.5  54.5  53.5  51.0  50.0  48.5  47.0  45.0  43.5  42.5  41.5  40.0  39.0  38.0  36.0  35.0  34.0  32.0  31.0  28.0  27.0  26.0  22.5  21.0  18.0  14.0  12.0   9.5   8.0   6.5 -1000

-1000  60.0  59.0  58.0  57.0  55.5  54.0  52.5  50.5  49.0  47.5  46.0  44.0  43.0  42.0  41.0  39.5  38.5  37.0  35.5  34.5  33.5  31.5  30.0  27.5  26.5  24.0  21.5  20.0  15.0  13.0  11.0   9.0   7.0 -1000

 61.5  60.5  59.5  58.5  57.5  56.5  54.5  53.5  51.0  50.0  48.5  47.0  45.0  43.5  42.5  41.5  40.0  39.0  38.0  36.0  35.0  34.0  32.0  31.0  28.0  27.0  26.0  22.5  21.0  18.0  14.0  12.0   9.5   8.0 -1000

-1000  60.0  59.0  58.0  57.0  55.5  54.0  52.5  50.5  49.0  47.5  46.0  44.0  43.0  42.0  41.0  39.5  38.5  37.0  35.5  34.5  33.5  31.5  30.0  27.5  26.5  24.0  21.5  20.0  15.0  13.0  11.0   9.0   7.0 -1000

-1000  59.0  58.5  57.5  56.5  54.5  53.5  51.0  50.0  48.5  47.0  45.0  43.5  42.5  41.5  40.0  39.0  38.0  36.0  35.0  34.0  32.0  31.0  28.0  27.0  26.0  22.5  21.0  18.0  14.0  12.0   9.5   8.0   6.5 -1000

-1000  58.0  57.5  57.0  55.5  54.0  52.5  50.5  49.0  47.5  46.0  44.0  43.0  42.0  41.0  39.5  38.5  37.0  35.5  34.5  33.5  31.5  30.0  27.5  26.5  24.0  21.5  20.0  15.0  13.0  11.0   9.0   7.0   5.5 -1000

-1000  57.0  56.5  55.5  54.5  53.5  51.0  50.0  48.5  47.0  45.0  43.5  42.5  41.5  40.0  39.0  38.0  36.0  35.0  34.0  32.0  31.0  28.0  27.0  26.0  22.5  21.0  18.0  14.0  12.0   9.5   8.0   6.5   5.0 -1000

-1000  55.5  54.5  54.0  53.5  52.5  50.5  49.0  47.5  46.0  44.0  43.0  42.0  41.0  39.5  38.5  37.0  35.5  34.5  33.5  31.5  30.0  27.5  26.5  24.0  21.5  20.0  15.0  13.0  11.0   9.0   7.0   5.5   4.0 -1000

-1000 -1000 -1000 -1000 -1000 -1000 -1000 -1000 -1000 -1000 -1000 -1000 -1000 -1000 -1000 -1000 -1000 -1000 -1000 -1000 -1000 -1000 -1000 -1000 -1000 -1000 -1000 -1000 -1000 -1000 -1000 -1000 -1000 -1000 -1000