./varas.sh -m3 -evaras_classroom_without_obstacles.txt -avaras_optimal_location.txt -ovaras_fig_12/varas_fig_12_without_obstacles.txt -O2 -s10 --allow-x-movement
--------------------------------------------------------------

105 105 113 111 107 104 110 113 107 106 
106 105 105 109 107 106 107 107 107 107 
109 106 105 107 107 108 107 106 107 107 
105 107 107 108 107 106 107 107 109 104 
107 108 106 106 105 105 108 105 104 107 
106 106 107 106 109 107 106 106 108 110 
109 108 107 105 105 110 108 111 107 106 
108 107 106 111 108 108 108 107 106 105 
105 106 108 107 106 107 107 106 108 109 
109 105 106 110 111 107 108 105 105 107 
106 108 107 106 107 111 106 106 112 105 
106 109 105 106 108 107 104 106 104 107 
107 106 109 105 105 105 108 106 105 106 
105 107 107 106 108 108 107 112 108 107 
104 103 104 107 104 106 111 108 103 106 
105 103 107 105 106 106 102 105 103 104 
105 104 102 104 104 104 104 103 103 105 
103 102 102 101 104 102 105 104 103 103 
102 105 103 100 100 103 103 103 105 102 
103 101 103 101 102 106 104 108 103 107 
101 103 103 101 101 101 104 104 103 104 
102 103 106 104 102 102 109 104 104 104 
103 106 104 103 109 108 103 105 105 105 
106 103 102 106 103 103 106 105 103 103 
102 103 105 103 103 104 103 105 106 109 
102 104 103 102 105 106 106 105 107 102 
104 103 102 103 101 108 105 104 104 103 
105 106 105 102 105 102 105 102 105 103 
105 105 104 102 103 104 103 101 103 104 
104 102 104 105 106 104 107 103 103 102 
103 103 106 103 102 105 104 104 102 104 
105 104 102 101 106 103 103 102 103 107 
105 105 102 103 104 102 103 103 105 102 
106 103 103 102 104 104 102 106 106 105 
105 105 104 105 102 101 105 102 105 105 
106 102 104 105 101 102 107 106 104 104 
103 108 105 103 101 104 102 102 102 113 
102 104 106 100 106 104 101 102 103 107 
105 103 103 102 100 105 103 101 103 100 
101 101 103 102 103 102 103 104 102 102 
105 105 101 104 104 104 109 101 102 103 
104 104 104 103 104 104 103 103 104 106 
107 106 104 104 107 104 104 109 105 107 
104 107 110 106 104 106 107 108 106 108 
