./varas.sh -m3 -evaras_classroom_with_obstacles.txt -avaras_optimal_location.txt -ovaras_fig_12/varas_fig_12_with_obstacles.txt -O2 -s10 --allow-x-movement
--------------------------------------------------------------

106 106 108 107 111 106 106 109 108 108 
109 106 109 106 108 107 105 107 108 112 
108 108 108 105 104 104 105 107 106 107 
105 111 107 106 106 107 107 107 108 107 
104 104 109 105 106 104 108 105 105 107 
107 106 108 107 105 108 110 105 106 111 
108 106 108 106 110 107 107 105 107 104 
108 107 108 107 108 106 109 105 105 108 
108 107 108 110 106 108 109 106 109 105 
110 105 105 107 107 106 107 109 106 106 
104 105 108 105 105 106 108 113 108 111 
105 106 104 108 109 106 107 111 108 105 
106 111 107 105 106 105 108 108 106 106 
107 107 107 109 107 107 107 107 108 110 
106 109 109 105 108 107 104 106 107 107 
106 105 107 107 116 107 109 105 107 106 
107 107 107 107 110 107 112 110 105 106 
104 103 103 106 104 106 101 104 102 102 
107 101 104 104 105 104 104 106 106 102 
104 106 102 105 103 105 106 101 105 105 
106 103 101 103 104 108 102 105 101 109 
106 108 102 104 102 104 103 104 101 104 
104 107 108 106 104 103 105 106 102 105 
105 107 105 105 103 104 103 104 104 105 
103 106 104 102 104 103 103 105 105 106 
105 102 106 104 104 110 103 102 110 103 
106 105 103 103 102 105 104 101 106 105 
104 102 101 105 105 104 103 104 102 101 
105 103 107 104 105 104 104 103 102 107 
103 103 106 106 103 108 104 106 104 106 
104 102 102 107 107 106 103 105 102 107 
103 102 105 103 104 103 103 108 105 107 
101 103 104 103 103 102 102 104 105 105 
103 102 104 105 102 104 101 106 104 109 
105 102 103 103 103 103 106 105 104 107 
105 106 106 105 104 107 106 105 106 102 
103 106 105 103 100 104 104 102 101 106 
103 103 104 105 103 104 101 100 105 104 
103 102 105 108 103 101 102 102 107 103 
103 105 102 105 105 104 104 102 103 103 
102 103 101 103 103 104 108 103 109 102 
106 108 112 109 108 108 107 107 107 106 
107 107 104 108 106 105 106 108 107 106 
105 107 108 110 107 113 108 107 105 108 
