./varas.sh -m3 -ivaras_classroom_2_with_obstacles.txt -avaras_optimal_location_2.txt -ovaras_fig_17a_with_obstacles.txt -O2 -s10 --na-saida --status
--------------------------------------------------------------

145 145 145 146 145 146 145 144 144 146 
144 144 144 145 144 144 145 144 144 145 
144 146 145 145 144 146 145 144 145 145 
146 145 144 144 145 145 145 146 146 147 
145 144 145 145 145 144 144 144 144 144 
144 145 145 144 144 144 145 144 145 144 
145 144 144 145 144 144 144 144 145 144 
144 144 145 145 145 144 146 144 145 145 
144 146 144 145 144 145 144 144 146 144 
144 144 144 144 144 144 146 145 145 145 
144 144 144 145 146 144 145 145 144 144 
145 145 145 144 144 144 144 145 145 145 
145 144 144 144 145 144 145 144 145 145 
146 145 144 144 146 146 145 145 147 147 
146 144 146 145 145 146 146 148 147 146 
144 144 144 144 144 145 145 145 145 145 
146 146 147 147 146 147 148 144 147 147 
143 142 143 141 140 141 141 141 142 140 
146 141 143 145 146 145 147 145 142 146 
143 141 144 142 144 145 142 143 143 143 
142 142 141 142 144 144 143 142 141 143 
144 141 143 141 142 142 141 141 141 142 
142 142 141 141 141 142 141 142 141 142 
141 141 143 142 142 143 141 142 142 141 
142 142 142 141 141 141 141 141 142 143 
141 141 142 142 141 141 141 143 141 142 
142 142 143 141 141 141 144 142 141 141 
142 141 142 142 144 142 141 141 143 141 
141 141 143 144 141 143 141 143 142 143 
141 141 143 142 142 141 141 141 143 143 
142 143 143 142 145 144 144 142 141 142 
144 142 141 141 142 143 143 144 143 144 
142 140 141 140 142 142 141 140 143 142 
144 146 146 147 144 150 144 149 144 147 
144 144 148 145 147 144 144 144 144 145 
146 148 145 144 146 148 145 145 144 146 
