./varas.sh -m3 -ivaras_classroom_2_without_obstacles.txt -avaras_optimal_location_2.txt -ovaras_fig_17a_without_obstacles.txt -O2 -s10 --na-saida --status
--------------------------------------------------------------

146 146 144 145 144 146 146 145 144 144 
144 144 144 144 144 144 144 144 145 145 
145 144 146 144 146 145 144 144 144 144 
144 145 144 145 144 146 144 144 144 144 
144 144 144 144 144 145 144 145 144 144 
144 146 145 144 144 144 146 146 144 144 
144 145 144 144 145 144 145 144 144 145 
144 144 147 144 145 144 146 144 144 144 
144 144 144 144 145 144 144 144 144 144 
144 144 144 144 144 144 144 145 144 144 
144 145 145 144 144 145 144 144 146 144 
146 144 144 145 144 144 145 145 144 144 
144 144 144 144 145 144 144 144 144 147 
148 146 146 145 150 146 145 145 147 146 
146 147 147 144 144 146 143 144 145 144 
142 142 142 143 142 142 144 145 142 142 
142 142 141 142 142 141 141 141 141 142 
144 144 140 141 144 140 142 145 145 143 
142 144 142 141 142 142 142 144 144 144 
141 142 141 143 141 141 141 141 141 143 
143 142 141 141 142 142 142 141 141 141 
142 141 141 141 142 143 141 141 142 141 
142 141 141 142 142 141 141 141 142 141 
141 143 141 141 141 141 143 142 142 141 
141 142 141 142 141 141 141 141 141 142 
141 141 141 142 141 141 141 141 142 141 
141 141 143 141 141 141 142 141 143 142 
142 142 141 142 141 141 141 144 141 141 
141 142 141 141 142 141 142 142 141 143 
141 141 141 142 141 142 142 142 141 142 
141 141 142 141 142 141 141 141 141 141 
142 145 142 141 144 143 143 143 143 143 
144 144 143 141 142 142 142 141 145 142 
141 141 142 141 141 141 142 141 141 141 
143 142 142 142 142 142 142 142 142 142 
144 144 146 147 147 147 145 145 146 144 
