./varas.sh -m3 -ivaras_classroom_with_obstacles.txt -avaras_double_doors.txt -ovaras_fig_14.txt -O2 -s10 --na-saida --status
--------------------------------------------------------------

64 64 65 58 60 63 61 61 66 60 
56 59 56 57 60 57 56 61 59 63 
56 58 58 57 58 57 59 58 58 56 
55 58 57 57 57 55 55 55 57 58 
58 56 56 56 56 56 56 55 56 55 
55 56 55 55 57 56 56 59 56 57 
56 56 55 56 56 56 56 56 57 56 
58 55 55 57 55 59 57 58 56 56 
55 55 57 57 57 57 58 56 56 59 
58 58 56 56 58 57 57 60 57 56 
59 55 58 56 59 58 56 57 62 63 
58 58 60 58 59 59 58 58 61 61 
59 64 63 64 64 61 60 59 58 62 
65 65 66 63 67 66 63 64 62 65 
76 69 75 71 69 72 69 72 69 75 
65 60 73 64 67 74 65 71 60 66 
60 59 59 55 58 63 58 59 59 63 
57 57 61 57 60 55 54 57 53 61 
55 56 57 54 52 55 55 54 59 54 
53 55 52 52 55 54 56 54 53 52 
54 52 55 56 54 54 55 55 53 53 
54 53 53 55 54 54 54 55 57 54 
55 52 53 53 55 57 52 52 54 52 
53 54 55 54 55 52 53 56 53 54 
54 54 55 53 55 55 59 53 58 53 
57 59 59 58 56 56 56 52 55 54 
60 62 57 59 58 60 54 64 59 61 
61 65 77 64 62 62 66 64 68 62 
73 70 66 73 68 73 76 70 71 73 
66 66 66 65 66 61 65 64 66 68 
