./varas.sh -m3 -ivaras_classroom_with_obstacles.txt -avaras_optimal_location.txt -ovaras_fig_12_with_obstacles.txt -O2 -s10 --na-saida --status
--------------------------------------------------------------

104 104 106 105 107 108 105 106 104 104 
105 105 104 105 105 105 104 106 104 104 
105 105 104 104 106 104 106 105 105 105 
104 104 105 105 104 104 104 104 106 104 
105 104 105 105 104 104 104 105 104 106 
104 104 105 104 106 105 105 104 104 104 
104 104 104 104 104 104 104 105 105 105 
104 104 104 105 105 104 104 105 104 104 
105 104 104 104 105 104 106 104 106 104 
105 105 104 105 104 104 104 104 104 105 
105 105 104 105 106 105 104 105 104 105 
104 104 106 104 104 104 104 104 105 104 
105 104 105 104 104 105 104 105 104 105 
106 106 105 106 108 107 106 105 104 106 
108 104 105 106 105 105 105 104 105 104 
105 104 104 106 105 104 105 104 104 104 
106 104 105 108 104 106 106 104 105 104 
101 101 101 102 101 102 101 100 100 101 
101 103 102 100 100 101 104 101 101 102 
102 102 102 100 103 101 101 100 100 100 
101 101 102 101 104 103 102 104 101 103 
100 103 103 101 103 100 103 100 100 101 
106 103 104 105 103 105 106 104 106 104 
101 102 103 104 103 101 103 104 102 103 
102 102 101 101 101 102 101 101 102 101 
101 102 101 102 102 101 101 102 101 101 
103 103 101 102 102 102 101 102 101 102 
102 101 102 102 101 101 101 102 101 102 
102 101 102 102 101 102 101 103 101 102 
103 101 101 101 101 102 102 102 102 102 
101 102 102 101 102 101 101 102 101 101 
101 101 101 101 102 101 101 102 101 101 
101 101 101 102 101 101 103 103 103 101 
101 101 101 101 102 102 102 101 101 101 
101 103 101 102 102 103 102 104 101 102 
103 102 101 101 102 102 103 102 101 102 
101 101 100 102 100 101 101 101 100 101 
101 101 100 100 101 101 102 100 102 100 
101 101 100 102 100 102 101 102 100 103 
100 100 100 102 101 100 100 101 103 101 
101 103 100 101 102 102 103 101 101 102 
106 106 105 104 108 106 104 105 107 107 
106 105 104 105 105 104 104 105 105 104 
107 104 106 106 105 105 104 106 106 106 
