./varas.sh -m3 -evaras_classroom_with_obstacles.txt -avaras_double_doors.txt -ovaras_fig_14/varas_fig_14.txt -O2 -s10 --allow-x-movement
--------------------------------------------------------------

62 62 61 60 61 61 61 63 64 59 
57 60 61 60 58 60 60 60 62 62 
59 57 61 57 58 60 57 58 60 60 
58 57 56 58 58 60 58 57 58 57 
59 56 58 57 58 58 56 61 59 59 
56 58 59 57 57 58 58 56 57 58 
57 57 55 58 58 56 58 59 57 58 
59 59 55 60 59 57 58 60 56 56 
57 57 57 57 56 57 57 56 57 59 
58 58 56 62 57 58 58 56 59 58 
57 58 60 59 59 59 57 59 57 60 
58 59 60 61 59 61 61 60 61 59 
60 60 58 61 62 64 61 61 66 61 
62 65 66 65 70 64 65 65 63 65 
72 70 68 73 68 73 70 68 67 65 
67 65 64 62 63 56 61 67 64 61 
59 58 59 63 57 62 57 58 54 59 
55 55 54 54 59 54 56 55 57 56 
57 53 56 54 55 55 56 57 53 56 
54 53 56 55 55 53 54 54 54 55 
54 55 53 54 54 55 54 55 58 55 
54 55 52 54 55 57 56 55 54 54 
54 53 56 53 56 54 56 55 53 55 
52 54 54 55 54 55 54 54 54 52 
58 55 57 54 54 54 56 59 56 56 
57 53 55 55 54 53 56 57 54 55 
58 58 57 56 57 60 60 59 61 60 
61 62 68 63 64 69 67 65 63 62 
73 70 73 72 69 68 66 69 64 68 
62 64 65 64 64 67 68 63 67 65 
