./varas.sh -m3 -ivaras_classroom_2_with_obstacles.txt -avaras_double_doors.txt -ovaras_fig_17b.txt -O2 -s10 --na-saida --status
--------------------------------------------------------------

82 82 83 83 83 80 81 83 86 80 
77 79 75 77 79 81 79 78 78 80 
79 77 78 77 76 79 76 76 78 77 
76 77 78 76 77 77 76 78 78 75 
75 75 78 77 76 77 77 76 78 76 
77 76 75 75 77 77 76 75 75 76 
76 78 75 79 76 76 77 76 76 79 
76 77 78 77 76 76 77 78 76 75 
77 81 77 77 75 77 76 78 78 76 
78 78 77 76 77 76 76 76 79 76 
77 78 79 79 78 80 76 78 76 77 
79 80 79 79 80 82 81 78 78 81 
84 86 83 84 84 87 83 85 83 83 
82 83 82 87 88 89 86 83 83 86 
88 88 89 91 91 90 90 97 95 91 
97 88 90 88 91 86 93 88 88 91 
77 83 82 83 83 82 86 84 75 86 
78 77 75 74 81 78 74 75 78 77 
76 72 75 75 77 75 73 74 77 77 
74 74 76 77 74 74 75 75 72 76 
74 74 74 74 76 74 73 73 73 74 
75 74 76 74 75 77 75 76 74 77 
74 73 72 75 73 74 75 73 75 74 
74 75 73 73 74 74 75 76 73 76 
73 77 76 73 73 74 75 78 72 77 
77 78 77 78 75 74 74 75 76 78 
82 84 80 82 80 81 77 83 79 85 
81 91 85 86 86 87 85 81 89 91 
92 91 94 94 94 93 94 92 91 96 
85 83 84 87 85 85 88 80 88 86 
