./varas.sh -m3 -evaras_classroom_2_with_obstacles.txt -avaras_double_doors.txt -ovaras_fig_17b/varas_fig_17b.txt -O2 -s10 --allow-x-movement
--------------------------------------------------------------

84 84 82 81 85 81 83 81 81 87 
81 79 80 80 82 78 79 78 79 80 
80 81 79 80 80 79 77 80 79 79 
79 76 79 79 79 79 80 81 78 79 
79 77 80 80 76 78 77 77 80 77 
79 76 77 76 78 79 77 78 80 76 
77 78 78 80 79 78 76 77 79 77 
78 78 77 78 77 77 78 81 77 80 
77 79 80 80 77 76 79 79 78 78 
77 78 80 77 81 81 80 81 79 78 
76 77 77 80 77 79 78 80 82 78 
81 80 76 82 80 81 83 83 80 79 
89 84 86 85 83 82 80 83 86 80 
88 87 88 84 87 87 84 88 87 87 
90 94 96 87 93 90 95 93 95 92 
92 98 90 85 85 97 83 84 87 87 
80 86 76 77 84 84 81 77 78 77 
77 78 78 76 79 81 76 78 79 74 
74 73 74 72 74 80 77 76 75 78 
75 74 75 75 74 75 77 77 75 78 
79 76 73 76 78 74 76 73 76 76 
78 77 77 77 77 76 77 75 77 75 
79 77 75 74 74 76 74 76 74 74 
77 76 76 76 74 76 74 74 73 73 
73 74 74 74 74 77 73 77 75 76 
78 75 76 75 80 74 77 76 80 73 
77 81 78 78 79 83 81 76 81 76 
89 90 82 91 89 80 88 90 89 89 
91 92 91 94 92 88 94 93 88 92 
84 86 89 84 87 86 89 86 85 85 
