./varas.sh -m3 -ivaras_classroom_with_obstacles.txt -avaras_door_width.txt -ovaras_fig_13_with_obstacles.txt -O2 -s10 --na-saida --status
--------------------------------------------------------------

104 104 104 106 104 104 104 105 105 104 
57 56 56 55 58 58 55 56 56 56 
41 41 43 42 41 42 40 39 41 44 
35 35 37 34 35 36 36 39 33 36 
37 35 38 38 34 35 35 41 36 37 
33 33 37 35 35 35 35 34 36 33 
36 34 34 33 33 36 33 33 34 34 
33 32 34 34 33 33 34 33 35 34 
32 34 35 33 33 32 35 34 32 35 
33 36 33 34 36 33 34 33 33 34 
33 32 37 32 35 34 34 33 33 32 
33 35 33 32 34 34 35 34 35 34 
34 34 33 33 32 34 34 36 34 35 
34 37 32 33 33 35 35 33 33 33 
