./varas.sh -m3 -ivaras_classroom_without_obstacles.txt -avaras_door_width.txt -ovaras_fig_13_without_obstacles.txt -O2 -s10 --na-saida --status
--------------------------------------------------------------

104 104 106 105 104 104 105 105 105 104 
55 57 55 55 55 55 57 57 57 57 
40 39 42 40 42 41 40 41 40 40 
31 34 32 34 33 34 34 32 35 32 
29 29 30 30 29 31 30 29 30 30 
26 26 26 28 27 29 27 28 27 28 
26 26 26 26 26 26 26 26 26 26 
24 24 24 26 25 25 25 25 25 24 
26 26 24 24 24 25 26 25 23 24 
24 25 23 24 24 23 22 23 24 23 
23 23 24 23 23 24 25 23 24 23 
23 24 23 23 24 22 24 23 24 23 
22 23 24 22 22 24 23 25 23 22 
22 23 23 23 22 23 23 23 23 24 
