./alizadeh.sh -ealizadeh_restaurant_1.txt -oalizadeh/alizadeh_fig_13b.txt -aalizadeh_doorWidth_simulationSet.txt -m3 -O2 --alpha=1 -s10 --allow-x-movement
--------------------------------------------------------------

125 125 126 126 126 126 124 124 126 127 
96 93 91 93 89 96 95 93 98 90 
78 82 77 81 79 82 77 77 75 76 
69 69 70 69 70 73 70 72 68 69 
69 67 68 64 65 65 65 65 63 60 
64 65 63 61 59 60 61 63 60 60 
57 56 61 57 57 56 60 60 56 58 
59 56 57 57 57 59 52 56 57 55 
55 55 56 54 58 55 58 56 58 57 
53 57 59 58 55 54 57 54 56 55 
55 53 57 58 53 55 53 54 55 54 
54 56 53 56 56 54 58 57 58 52 
85 78 85 83 81 81 79 82 83 82 
70 69 71 69 71 70 71 69 71 69 
62 64 63 61 62 59 61 60 60 62 
54 57 55 55 56 55 57 53 56 55 
55 54 57 54 54 54 54 53 55 54 
50 51 51 50 51 51 49 48 51 52 
48 49 50 49 48 49 48 47 49 47 
48 47 47 48 48 46 49 47 46 49 
48 50 49 47 50 48 50 48 48 47 
49 50 49 47 50 48 48 46 48 47 
48 47 46 49 48 48 46 49 46 46 
50 50 52 49 50 49 51 48 47 46 
64 64 65 63 69 64 65 63 65 63 
57 55 55 58 56 57 55 57 54 53 
52 54 51 52 52 51 51 51 52 50 
48 49 47 48 47 47 47 45 51 49 
44 43 46 45 44 43 45 47 46 48 
45 42 42 42 44 43 43 43 44 43 
43 43 41 43 43 43 40 41 42 40 
44 43 42 42 43 41 41 42 42 41 
41 41 45 41 42 41 41 39 40 41 
43 43 41 41 41 41 42 41 40 44 
43 38 44 41 43 42 44 43 43 44 
41 43 45 41 43 42 42 44 43 47 
57 55 59 62 59 58 56 55 60 58 
47 45 44 44 47 48 51 44 48 44 
41 43 44 43 43 44 44 44 43 47 
42 44 41 40 40 41 38 40 43 41 
45 41 39 39 39 38 45 40 40 39 
39 39 39 38 37 39 41 37 40 39 
38 36 36 37 37 36 39 37 39 37 
39 38 39 39 35 37 37 37 37 37 
37 38 37 34 38 38 39 39 39 37 
39 38 37 36 38 36 39 38 36 38 
38 37 38 37 40 35 37 36 38 38 
38 38 38 38 42 42 38 38 39 38 
52 50 54 48 51 52 49 49 53 52 
41 39 39 40 43 42 41 40 42 39 
38 40 40 39 38 36 37 40 37 39 
36 36 36 35 36 37 37 37 36 35 
36 35 36 35 37 34 35 36 37 34 
33 34 37 34 36 36 36 37 36 37 
34 33 34 35 37 36 36 36 35 38 
35 33 33 34 34 35 34 36 34 33 
33 35 34 37 36 32 33 34 34 37 
36 36 38 36 35 35 35 36 34 36 
35 34 37 35 36 35 36 36 36 35 
35 34 33 36 36 34 35 37 35 35 
45 46 49 48 47 50 51 52 48 49 
36 38 37 36 36 35 40 40 36 39 
36 33 34 34 35 34 33 33 35 35 
31 33 40 32 31 33 33 31 35 34 
33 31 32 32 32 34 34 33 33 32 
32 32 33 32 33 31 31 33 32 30 
32 31 32 33 33 31 31 33 31 34 
34 33 33 33 33 32 32 34 32 31 
36 31 31 31 31 31 33 33 32 32 
33 30 35 32 33 34 31 33 33 34 
34 33 33 33 35 35 36 34 30 34 
33 34 33 35 34 34 32 34 33 34 
46 45 43 47 44 45 43 43 44 43 
34 35 34 34 35 35 35 33 36 38 
32 32 32 33 30 31 31 32 30 32 
33 32 32 34 31 31 32 29 32 32 
32 32 31 31 31 31 31 29 31 32 
31 32 30 30 32 31 32 30 30 30 
32 31 33 31 33 28 30 31 29 29 
31 30 35 30 32 32 29 33 30 33 
33 31 30 32 32 29 29 31 30 33 
33 32 30 34 31 31 31 33 30 33 
29 31 31 32 33 32 32 33 29 32 
33 32 32 32 31 34 32 31 33 30 
39 42 44 39 42 40 43 47 43 45 
33 34 33 35 33 37 37 34 36 37 
32 30 33 31 33 33 30 31 32 32 
33 31 30 31 31 31 33 33 31 30 
30 30 29 29 29 31 29 30 29 29 
29 30 31 30 29 31 29 29 31 31 
29 29 30 28 29 30 29 29 29 29 
29 29 31 31 28 30 32 31 29 28 
30 30 30 31 31 30 29 30 29 30 
29 31 31 30 34 36 30 32 31 32 
30 30 30 32 33 30 30 31 32 31 
31 30 31 31 29 32 30 29 31 33 
44 39 45 43 39 42 37 47 41 44 
34 36 35 32 34 33 34 31 38 32 
36 37 32 33 32 32 31 35 34 34 
29 29 31 32 30 30 27 31 27 30 
29 31 27 29 31 31 30 30 30 29 
27 27 27 30 30 29 27 29 28 29 
29 29 27 27 27 29 27 29 30 28 
31 33 30 29 31 29 31 31 31 30 
29 28 30 31 28 30 29 28 30 29 
32 30 33 32 30 28 27 29 29 29 
29 31 31 28 30 32 32 31 32 31 
31 30 31 29 30 30 30 32 29 31 
42 45 36 40 40 44 38 44 46 37 
34 37 38 35 39 35 35 33 35 31 
29 36 33 33 31 31 31 34 34 31 
30 28 29 30 29 30 30 28 29 28 
29 28 30 30 29 29 30 29 29 29 
28 27 31 28 28 29 29 29 29 28 
27 28 29 29 28 30 29 28 29 28 
29 31 28 28 28 29 28 27 28 30 
28 29 27 28 28 28 31 29 28 29 
28 29 30 28 30 29 32 29 30 27 
30 29 30 31 32 28 30 32 29 28 
33 29 29 29 30 30 32 29 29 30 
39 38 36 42 41 39 37 42 37 47 
37 32 30 39 34 30 36 31 34 34 
31 27 30 34 29 31 30 28 34 35 
28 27 31 28 31 29 30 29 29 32 
29 28 28 29 28 28 29 28 29 28 
28 29 28 28 27 28 28 26 29 26 
27 28 30 28 27 31 27 30 28 28 
28 28 28 28 28 28 28 28 30 30 
27 28 29 28 29 28 29 29 27 29 
28 27 28 28 28 29 30 28 29 29 
28 29 30 30 28 29 29 29 28 30 
28 30 30 28 31 28 29 30 29 28 
47 42 41 42 41 38 40 44 42 36 
32 37 34 34 32 31 29 32 33 30 
28 27 34 28 27 27 29 29 30 36 
29 29 31 32 29 32 27 32 32 29 
28 26 29 29 27 27 30 26 28 27 
28 30 28 29 30 27 29 28 28 29 
29 28 30 29 27 27 27 28 28 27 
28 29 28 27 29 26 27 28 26 27 
28 28 27 29 28 27 29 28 27 28 
28 28 28 27 30 28 27 29 28 29 
28 28 29 28 29 28 28 30 29 27 
28 29 27 31 29 29 30 30 28 28 
