./alizadeh.sh -ealizadeh_restaurant_1.txt -oalizadeh/alizadeh_fig_13a.txt -aalizadeh_doorWidth_simulationSet.txt -m3 -O2 --alpha=0 -s10 --allow-x-movement
--------------------------------------------------------------

150 150 150 159 155 157 153 161 157 157 
156 156 154 153 154 151 156 153 157 153 
151 153 151 153 153 154 154 156 153 153 
154 148 152 156 154 156 154 152 152 152 
152 151 153 152 153 155 147 153 155 157 
150 150 156 151 153 149 151 151 148 152 
149 154 152 153 149 155 153 150 153 153 
152 152 147 152 152 152 153 152 151 148 
149 153 149 154 155 153 154 151 153 148 
156 147 149 152 152 150 154 151 147 150 
148 150 150 146 159 150 147 153 149 155 
151 151 151 148 154 151 154 150 157 150 
85 81 84 83 81 81 79 80 83 83 
80 82 79 79 78 82 78 81 80 83 
82 81 81 81 85 81 83 82 79 79 
80 79 86 78 82 80 82 82 80 81 
84 80 82 83 81 81 84 82 77 81 
80 83 84 76 80 85 79 80 82 77 
76 80 80 81 81 80 77 80 77 80 
82 81 79 80 81 84 78 77 84 77 
84 78 85 81 77 78 82 83 81 80 
77 78 79 83 79 80 81 81 80 80 
78 83 82 79 81 78 80 77 80 78 
78 78 78 83 78 80 82 83 79 83 
75 73 70 71 73 75 72 71 71 75 
58 55 56 59 55 59 57 57 58 56 
56 58 58 61 56 57 56 56 56 59 
59 58 58 56 56 55 55 56 58 56 
56 57 55 59 57 55 59 57 56 55 
58 55 57 57 57 58 57 56 55 55 
56 57 57 59 56 57 54 53 56 56 
56 58 60 57 57 55 57 55 56 55 
55 57 54 56 55 57 53 55 60 56 
55 61 60 55 56 56 58 60 57 56 
57 57 56 55 57 55 56 58 56 55 
59 58 55 54 57 58 56 58 57 58 
69 75 77 71 72 73 70 73 71 73 
47 45 46 44 44 49 48 46 48 49 
48 46 44 46 45 49 48 47 49 53 
46 48 46 43 42 48 45 47 44 48 
44 45 47 51 44 48 47 47 46 45 
44 48 48 45 46 46 45 42 46 44 
44 48 50 46 50 48 46 43 46 46 
48 46 46 44 50 43 44 47 45 50 
50 48 48 47 48 52 50 48 48 48 
46 44 43 42 48 46 44 47 50 45 
43 47 45 49 48 49 47 43 47 48 
45 43 47 45 51 44 48 45 47 50 
65 69 66 66 68 73 67 70 68 69 
40 39 38 40 43 39 41 40 42 40 
39 38 39 38 40 38 38 38 37 42 
37 40 38 43 39 38 40 37 37 39 
38 36 38 39 40 42 38 40 40 39 
39 38 37 39 38 40 41 38 40 39 
39 38 38 38 38 38 38 38 38 40 
41 39 37 41 38 38 38 40 40 44 
37 37 39 40 40 38 42 41 40 38 
38 38 40 39 39 37 40 38 37 38 
37 38 39 37 38 40 39 40 40 40 
38 38 38 38 39 38 41 37 40 38 
66 69 68 70 67 68 70 71 70 66 
36 40 37 37 37 40 40 40 40 39 
34 35 34 34 33 40 36 33 35 34 
37 35 34 36 37 35 36 33 38 34 
34 32 35 35 36 37 33 33 34 36 
36 34 35 34 34 34 36 34 32 35 
36 33 37 35 35 35 37 37 34 37 
36 35 34 34 35 33 34 34 35 34 
36 40 36 35 36 36 34 33 35 32 
34 35 37 33 37 34 35 32 33 36 
36 35 34 33 33 35 36 36 33 34 
33 33 32 35 38 37 35 35 35 41 
64 67 64 67 66 65 66 67 69 63 
37 35 40 37 36 36 40 38 37 40 
32 32 32 33 30 31 31 32 30 32 
33 32 32 31 31 33 34 33 32 33 
31 31 32 33 32 32 32 32 30 31 
31 30 32 30 30 31 32 32 29 32 
32 30 36 31 34 32 30 31 30 30 
34 32 33 32 33 32 32 31 31 31 
31 34 32 31 30 30 32 32 32 30 
32 32 31 33 31 31 33 32 33 32 
31 32 31 32 30 33 31 30 31 34 
33 30 31 32 32 31 30 32 34 33 
67 69 67 68 66 66 66 64 67 66 
37 37 39 37 36 37 37 36 39 39 
32 30 33 31 32 31 30 31 31 32 
33 31 30 32 30 33 33 33 31 30 
31 31 31 29 32 32 30 31 29 30 
31 31 31 32 30 32 30 31 29 31 
31 32 28 28 30 31 28 30 29 29 
33 31 30 31 33 32 29 31 30 29 
32 29 32 31 32 30 30 30 31 33 
30 31 31 32 31 30 29 33 32 32 
30 30 31 33 29 31 31 29 30 29 
30 31 29 33 29 28 30 30 30 31 
60 63 61 62 58 61 63 61 63 63 
34 34 33 34 36 33 36 34 37 33 
30 30 29 28 30 28 28 34 31 33 
29 29 30 32 30 30 29 31 27 30 
29 28 27 29 30 31 30 29 30 29 
28 27 28 30 28 29 29 28 29 29 
29 28 30 31 29 29 33 28 32 29 
30 28 29 27 29 29 29 28 29 29 
29 30 28 28 30 29 29 29 30 29 
29 29 30 29 27 27 28 28 29 30 
29 27 29 29 31 28 30 28 29 29 
31 29 30 29 30 27 31 29 31 29 
64 62 62 65 63 60 62 62 61 62 
33 33 33 35 33 35 36 33 36 36 
27 28 30 31 28 30 29 33 30 28 
30 29 27 30 29 30 28 30 29 28 
28 29 30 30 29 29 30 29 29 29 
30 31 29 28 30 29 28 27 28 29 
29 28 31 30 29 31 28 29 29 29 
28 29 29 27 27 28 29 28 28 28 
30 28 29 29 31 28 29 29 28 29 
27 31 29 27 29 26 27 30 27 27 
28 30 30 27 28 28 28 30 28 29 
27 28 28 29 28 27 31 29 29 31 
60 60 60 60 62 61 57 62 59 57 
36 33 32 34 35 34 33 33 35 33 
28 28 29 27 29 29 30 28 28 27 
26 30 30 28 32 29 30 27 27 29 
29 28 28 30 28 28 28 29 31 29 
28 28 28 29 29 26 28 30 27 28 
27 28 27 28 28 28 29 28 27 27 
27 27 29 27 29 29 29 29 27 27 
29 28 26 30 27 28 28 29 28 28 
29 28 28 29 28 28 30 29 28 27 
27 27 26 28 28 28 29 28 26 29 
28 28 28 29 29 27 30 31 30 29 
59 64 60 60 61 59 62 62 61 59 
33 34 33 32 36 34 33 34 38 33 
29 27 27 32 28 27 29 28 29 31 
28 29 28 32 29 29 27 30 34 28 
28 26 29 29 27 27 30 26 28 27 
29 28 28 27 27 27 29 28 31 29 
30 27 27 27 29 30 27 27 28 26 
29 28 28 27 27 31 27 28 30 26 
27 28 27 27 27 27 28 28 28 29 
27 26 32 28 29 27 28 27 28 26 
29 27 28 28 27 29 26 29 29 28 
28 27 31 27 28 28 28 27 26 28 
