./varas.sh -m5 -l16 -c20 -avaras_door_width.txt -ovaras_fig_6/varas_fig_6_200ped.txt -O2 -p200 -s20 --allow-x-movement
--------------------------------------------------------------

415 415 416 405 413 413 406 414 412 413 405 408 415 410 415 412 414 414 413 411 
210 209 208 207 209 209 208 207 205 208 205 210 206 206 210 211 210 207 208 206 
143 143 140 141 143 140 139 140 140 141 142 140 142 140 144 143 143 138 144 143 
114 108 112 109 113 108 109 111 109 107 110 109 111 110 111 108 111 113 109 111 
93 93 91 92 93 91 92 92 92 89 91 90 89 93 89 96 89 89 88 88 
78 79 81 81 76 78 79 79 78 78 78 80 79 78 78 82 75 79 75 79 
72 68 67 73 75 69 72 74 70 69 68 68 67 68 74 65 68 70 69 73 
61 61 61 60 60 61 60 59 60 60 61 63 62 64 60 62 61 58 63 60 
58 56 57 59 58 58 58 56 56 55 56 56 61 56 58 56 56 57 56 54 
52 50 50 51 51 51 53 50 52 52 52 52 49 49 50 52 50 53 50 51 
50 50 49 49 50 46 47 47 48 49 47 47 48 48 51 49 49 48 48 49 
46 46 46 46 45 44 45 45 44 46 45 45 46 48 45 46 45 45 46 45 
43 43 44 45 44 44 44 42 43 44 45 45 44 44 44 44 45 44 48 45 
44 45 42 43 42 44 43 43 42 43 42 42 43 44 44 43 43 43 43 43 
