./varas.sh -m5 -l16 -c20 -avaras_door_width.txt -ovaras_fig_6/varas_fig_6_100ped.txt -O2 -p100 -s20 --allow-x-movement
--------------------------------------------------------------

203 203 203 201 203 208 204 210 206 203 203 209 208 208 207 204 205 205 200 206 
104 105 108 105 103 105 107 104 109 106 103 103 106 105 103 105 107 107 103 104 
73 73 71 75 73 73 74 73 75 74 75 71 72 74 73 74 69 73 71 72 
56 57 57 53 59 56 57 57 55 56 56 58 56 55 57 53 57 57 55 55 
51 50 49 49 49 46 48 47 47 45 47 49 47 46 46 47 49 46 46 47 
40 40 44 40 40 41 40 39 44 38 41 41 42 40 43 44 41 41 38 40 
35 39 41 40 36 36 40 35 35 36 36 42 37 35 34 36 35 38 38 38 
35 32 36 36 32 32 31 32 32 36 34 31 34 35 35 32 34 31 32 34 
31 30 30 31 30 33 33 33 31 33 36 30 32 30 32 30 32 32 31 30 
28 29 29 28 29 32 28 29 28 31 30 29 28 30 28 30 28 28 30 29 
29 26 28 28 27 28 28 26 28 26 29 27 28 29 28 28 27 27 27 28 
27 27 26 28 27 27 27 26 26 27 27 27 25 27 28 27 25 27 28 27 
28 25 25 26 25 28 27 25 26 26 26 26 26 30 26 27 25 24 27 25 
25 25 27 25 26 26 28 29 24 27 25 27 28 27 27 26 24 26 28 25 
