./varas.sh -m5 -l16 -c20 -avaras_door_width.txt -ovaras_fig_6/varas_fig_6_50ped.txt -O2 -p50 -s20 --allow-x-movement
--------------------------------------------------------------

103 103 102 104 103 107 100 106 105 100 103 107 101 105 104 102 104 104 105 102 
55 58 54 55 55 53 53 53 54 54 54 53 52 53 53 55 53 56 54 55 
40 40 38 38 37 38 40 39 38 39 39 38 39 37 39 38 38 39 36 38 
31 28 31 32 32 32 30 33 30 31 31 30 32 31 32 30 34 32 30 30 
31 27 26 26 27 30 27 26 26 27 29 28 28 30 28 27 28 26 26 27 
26 25 26 26 26 24 25 25 26 26 25 24 25 25 29 24 26 27 24 24 
26 23 25 24 26 24 26 25 24 23 24 22 26 24 25 24 24 24 23 24 
23 23 24 24 25 23 24 22 24 22 22 23 23 23 24 23 22 22 23 24 
22 25 23 22 24 23 25 23 23 23 22 22 23 23 24 24 24 26 24 25 
22 21 23 22 22 24 22 23 21 24 23 23 24 22 25 26 23 22 25 22 
23 23 22 23 22 23 23 21 22 23 22 22 21 22 22 25 22 22 23 23 
25 21 23 23 23 22 22 22 23 22 23 24 20 21 23 21 23 22 20 23 
25 23 23 21 20 22 22 22 22 20 21 23 21 22 22 22 21 22 23 23 
23 23 23 21 22 22 22 20 20 25 21 23 23 23 24 21 20 22 24 23 
