./varas.sh -m5 -l16 -c20 -avaras_door_width.txt -ovaras_fig_6/varas_fig_6_150ped.txt -O2 -p150 -s20 --allow-x-movement
--------------------------------------------------------------

308 308 310 306 310 311 307 310 306 310 308 309 307 311 306 307 309 310 310 310 
159 159 160 157 158 155 155 159 154 158 157 154 157 157 157 156 157 153 155 157 
107 108 109 107 106 106 107 107 109 106 110 106 105 108 108 105 106 107 108 107 
82 84 84 85 84 86 83 83 83 82 85 82 84 83 86 83 84 82 84 82 
72 70 71 68 68 70 68 70 74 68 72 74 66 66 67 69 69 70 70 68 
58 57 63 55 60 57 61 61 58 59 60 62 63 60 62 61 58 58 60 60 
56 52 55 57 53 57 52 58 51 52 52 54 51 58 55 55 55 55 54 55 
49 46 47 49 47 48 45 48 49 45 45 48 48 48 49 46 46 47 49 46 
42 43 44 48 42 43 44 46 43 46 50 44 42 46 44 41 43 46 43 44 
39 40 40 40 39 38 39 40 39 38 37 38 38 39 40 39 39 38 41 40 
40 39 38 38 35 37 38 39 36 39 41 38 36 37 39 37 35 37 41 38 
37 34 35 35 36 34 35 36 35 37 36 35 37 35 37 35 34 34 35 36 
33 33 33 36 34 34 34 32 35 34 34 34 36 35 35 35 34 34 35 34 
33 33 34 33 33 34 33 35 36 32 33 33 33 35 32 32 34 34 32 33 
