./varas.sh -m3 -evaras_classroom_2_without_obstacles.txt -avaras_optimal_location_2.txt -ovaras_fig_17a/varas_fig_17a_without_obstacles.txt -O2 -s10 --allow-x-movement
--------------------------------------------------------------

148 148 149 147 153 149 148 149 152 151 
148 146 152 152 151 147 146 145 147 149 
150 150 150 147 149 146 147 149 146 147 
145 145 147 149 145 146 151 151 146 151 
149 146 149 149 145 148 151 146 149 149 
148 152 147 156 149 148 148 150 147 152 
149 148 147 150 148 148 146 146 153 147 
147 146 148 147 151 150 148 148 147 148 
147 147 149 150 146 147 151 147 147 148 
150 148 147 150 148 146 150 148 150 145 
147 146 148 148 144 151 152 145 148 147 
147 148 148 147 151 146 147 147 145 147 
145 149 149 149 150 148 148 152 147 148 
148 149 153 154 151 151 146 148 149 148 
148 148 147 148 146 146 146 149 145 147 
143 143 148 145 148 146 150 146 148 145 
144 145 144 147 143 145 146 146 144 147 
146 142 144 145 145 145 144 141 151 146 
148 146 145 148 145 146 147 148 151 144 
147 146 145 144 146 147 144 144 148 146 
144 145 143 143 144 144 143 144 146 143 
147 146 146 145 144 145 141 143 144 145 
146 146 144 144 145 143 145 144 143 146 
142 143 143 144 142 143 146 144 144 144 
143 141 144 142 145 144 146 147 146 143 
148 141 142 143 141 143 144 145 144 144 
147 147 145 145 145 142 152 146 147 146 
145 142 146 144 145 145 143 145 143 148 
147 149 145 154 143 144 144 145 144 142 
142 142 145 148 149 146 145 148 147 146 
141 143 144 143 145 142 145 144 144 144 
144 142 145 146 147 144 142 143 147 148 
145 142 146 145 146 148 150 143 145 145 
146 141 146 147 146 143 147 145 145 143 
149 145 151 147 148 149 143 144 147 144 
147 149 145 151 155 147 147 145 152 149 
