./varas.sh -m3 -evaras_classroom_2_with_obstacles.txt -avaras_optimal_location_2.txt -ovaras_fig_17a/varas_fig_17a_with_obstacles.txt -O2 -s10 --allow-x-movement
--------------------------------------------------------------

147 147 145 149 153 153 149 145 150 149 
149 149 147 145 149 149 148 147 146 144 
145 148 148 148 147 148 147 147 147 147 
148 145 148 149 150 151 148 148 150 150 
148 152 147 147 149 148 145 149 146 147 
146 146 148 147 145 148 148 148 148 147 
145 150 148 146 146 152 146 147 148 151 
147 146 146 145 146 149 146 153 149 150 
148 147 147 145 148 149 149 151 149 147 
150 150 150 148 147 146 148 153 148 151 
151 145 149 153 145 147 149 146 148 149 
148 149 147 148 147 151 150 148 145 145 
149 150 144 148 148 151 152 150 146 146 
149 150 147 148 149 146 147 151 152 147 
151 151 148 150 148 151 149 152 147 150 
148 150 148 149 149 146 147 146 148 147 
149 149 147 150 148 152 147 150 148 148 
142 147 147 144 145 148 146 145 146 143 
150 145 146 147 143 148 146 145 145 150 
145 147 146 147 144 146 144 143 147 148 
146 141 144 146 144 144 148 146 151 143 
146 142 142 147 144 143 144 141 146 145 
148 146 144 143 145 146 143 147 144 143 
142 148 144 146 143 145 148 144 146 142 
147 144 143 146 145 142 144 143 146 143 
145 146 147 145 147 143 143 146 142 145 
143 145 145 142 144 146 143 145 142 143 
141 145 144 147 143 144 148 145 144 149 
147 147 145 141 148 144 145 147 143 147 
142 144 144 145 144 146 144 143 147 150 
149 144 145 143 149 144 150 147 147 145 
146 150 148 146 145 146 150 146 147 144 
146 143 147 145 143 145 143 144 143 144 
151 147 149 148 147 151 151 150 152 148 
149 150 151 147 149 146 150 150 147 149 
147 153 152 153 149 152 151 150 151 150 
