./varas.sh -m5 -l16 -c20 -avaras_door_width.txt -ovaras_door_width_100.txt -O2 -p100 -s20 --na-saida --status
--------------------------------------------------------------

200 200 200 200 200 202 201 201 200 200 200 201 201 202 202 200 200 200 201 201 
103 101 105 103 103 102 102 104 106 102 102 101 103 102 104 103 103 101 104 101 
74 74 70 70 70 73 73 71 71 70 75 72 73 74 72 73 72 70 72 75 
55 58 57 55 55 57 54 56 55 56 57 57 56 54 55 55 56 58 54 54 
45 48 46 52 49 51 49 44 48 47 46 47 48 48 47 49 47 46 46 49 
43 41 41 40 41 39 39 42 42 40 39 41 41 40 40 41 40 41 39 40 
35 35 41 37 36 36 36 37 36 38 36 39 37 38 34 36 36 39 37 35 
34 33 34 33 33 32 31 34 32 33 33 32 32 34 34 34 33 32 33 33 
32 30 29 32 30 29 30 31 36 30 32 30 31 29 32 32 32 30 32 29 
29 28 30 27 28 29 29 29 29 32 28 29 30 29 30 28 29 28 30 29 
29 29 30 29 28 29 28 28 28 29 28 31 29 27 28 28 28 26 29 28 
26 27 27 30 27 26 28 26 27 28 27 26 26 26 29 26 26 27 28 26 
28 25 27 26 25 28 28 26 27 26 27 28 27 28 26 27 25 25 28 28 
27 27 26 26 26 26 27 27 25 26 27 26 27 27 28 25 27 26 27 26 
