./varas.sh -m5 -l16 -c20 -avaras_door_width.txt -ovaras_door_width_200.txt -O2 -p200 -s20 --na-saida --status
--------------------------------------------------------------

400 400 401 401 401 402 401 404 402 401 403 400 400 402 400 401 402 401 401 400 
203 204 202 204 204 203 202 204 204 203 204 205 204 204 205 203 204 204 204 203 
140 143 141 140 141 137 136 139 138 140 139 138 140 140 139 140 139 138 141 137 
107 111 111 108 108 106 108 106 106 111 106 106 108 112 106 110 110 110 108 107 
90 89 90 88 94 93 87 95 90 91 90 91 92 90 91 92 93 92 92 91 
79 79 83 77 80 76 76 81 80 77 76 77 77 80 79 76 77 75 76 80 
67 68 68 70 66 67 68 69 68 69 67 70 68 70 69 67 68 69 69 68 
61 60 62 62 64 62 60 62 61 64 63 62 62 65 64 60 65 66 60 60 
59 58 57 53 59 56 58 60 56 55 55 57 56 58 54 55 54 61 54 56 
50 53 51 50 52 52 50 51 50 51 50 54 52 52 51 52 53 53 53 51 
49 47 50 48 47 49 48 46 47 49 48 50 48 49 48 48 48 50 48 47 
44 45 49 46 46 48 45 47 47 46 46 45 45 47 45 46 46 46 46 46 
44 46 45 45 43 44 44 44 45 43 46 45 44 45 44 45 45 44 45 45 
44 43 44 44 44 43 43 43 44 45 44 43 44 46 43 43 45 46 45 45 
