./varas.sh -m5 -l16 -c20 -avaras_door_width.txt -ovaras_door_width_50.txt -O2 -p50 -s20 --na-saida --status
--------------------------------------------------------------

102 102 101 101 101 103 100 102 102 100 100 102 101 102 102 101 101 102 103 102 
52 53 52 54 54 52 52 52 53 54 51 52 53 54 53 53 54 52 51 54 
40 38 38 36 39 39 39 37 38 38 36 36 39 37 39 37 38 38 37 38 
32 30 29 31 30 33 30 33 31 33 30 33 30 30 30 30 30 31 30 31 
28 27 26 27 28 29 27 26 25 28 28 29 28 28 30 26 29 28 25 25 
26 24 27 26 27 25 23 24 27 26 25 25 25 24 27 26 24 25 25 24 
25 24 25 24 24 25 26 25 24 23 23 23 26 25 22 24 24 25 23 23 
22 24 25 23 24 23 22 24 23 21 22 23 22 23 25 24 23 21 25 24 
24 26 24 20 24 23 23 24 23 26 21 22 23 25 23 24 25 25 24 26 
23 21 22 21 22 25 24 23 22 23 22 22 24 23 24 25 22 21 24 22 
23 24 23 22 22 24 22 23 23 22 22 22 24 21 23 23 22 20 24 23 
23 22 25 24 23 24 21 23 21 24 25 21 21 22 23 23 23 22 22 23 
22 24 25 22 21 24 22 21 22 21 23 22 22 25 23 22 21 22 22 23 
22 23 24 21 22 20 24 21 20 23 21 23 22 24 24 22 22 24 23 22 
