./varas.sh -m5 -l16 -c20 -avaras_door_width.txt -ovaras_door_width_150.txt -O2 -p150 -s20 --na-saida --status
--------------------------------------------------------------

302 302 300 300 301 303 303 300 300 300 300 302 302 301 300 302 300 300 300 301 
152 152 155 154 153 153 152 152 155 155 154 153 152 152 155 154 151 154 153 153 
103 106 106 105 107 105 104 104 107 108 109 107 108 105 109 106 104 105 103 104 
84 86 81 82 84 85 85 84 82 82 85 83 82 83 81 81 81 84 85 79 
70 68 66 70 71 71 70 69 71 72 71 70 70 67 69 69 68 68 68 66 
64 60 60 60 59 59 56 59 58 63 59 61 58 60 60 58 56 62 58 61 
52 54 54 53 49 52 52 53 55 53 55 54 53 52 56 54 55 52 51 53 
44 46 47 49 50 48 50 46 45 50 46 44 46 48 44 48 49 48 48 46 
41 43 41 43 42 42 45 44 41 41 43 40 43 41 46 42 42 43 44 43 
39 40 38 39 40 44 41 38 41 40 37 39 38 39 38 41 39 41 38 39 
39 38 37 37 37 37 38 41 36 36 37 37 37 39 36 36 36 36 38 37 
35 36 34 36 36 35 35 35 36 37 38 34 34 36 38 36 34 37 37 36 
34 34 35 34 32 35 34 34 36 34 35 35 35 35 35 35 35 33 34 34 
33 35 34 34 33 35 37 35 35 34 33 34 33 35 34 32 34 33 34 36 
