./varas.sh -m3 -ivaras_classroom_with_obstacles.txt -avaras_optimal_location-door_combination.txt -ovaras_fig_15.txt -O2 -s10 --na-saida --status
--------------------------------------------------------------

#1 104 104 106 105 107 108 105 106 104 104 
60 60 60 58 59 62 66 62 65 59 
67 61 65 73 68 63 67 65 64 66 
66 66 65 72 64 64 62 68 65 66 
70 72 77 71 66 72 73 70 70 68 
62 62 66 64 71 71 67 67 68 62 
71 70 70 72 72 72 72 68 66 70 
78 74 74 82 70 80 70 80 72 70 
72 78 74 75 74 70 72 76 74 75 
69 68 66 68 68 69 66 66 69 68 
65 66 64 64 64 64 64 66 65 67 
65 64 63 65 64 65 64 64 67 65 
58 60 59 60 57 61 61 62 60 58 
55 55 55 57 54 56 54 54 55 54 
55 56 56 57 55 56 55 56 56 55 
56 58 57 59 60 56 62 60 56 58 
64 65 63 62 63 63 64 64 63 60 
76 77 80 75 75 77 76 76 78 76 
89 86 86 84 86 84 85 85 88 88 
80 81 82 80 82 81 80 82 81 79 
72 71 70 71 71 74 72 70 72 70 
59 59 62 63 59 58 62 58 61 60 
63 64 66 67 68 64 65 66 64 65 
67 67 67 66 66 70 66 66 63 66 
68 69 69 67 72 69 70 72 67 67 
72 72 69 72 71 73 71 72 71 74 
73 71 73 71 72 72 71 73 73 73 
72 71 71 72 71 71 71 72 71 71 
71 71 73 71 72 71 72 71 72 72 
72 69 74 69 71 69 70 71 74 69 
69 69 71 70 69 71 69 70 72 69 
65 69 67 65 68 67 68 68 70 69 
67 69 67 67 67 67 67 68 67 67 
65 63 65 65 68 67 63 66 65 65 
63 65 61 61 63 65 61 63 64 64 
61 65 65 61 61 62 61 63 61 62 
60 60 62 61 60 61 61 61 61 61 
71 69 69 71 72 68 70 70 72 72 
82 81 81 80 81 81 81 82 82 80 
91 88 83 88 89 84 89 88 84 90 
94 94 95 97 90 96 91 94 89 90 
66 67 70 63 64 64 70 68 67 70 
62 64 64 61 60 63 63 62 62 62 
61 61 64 62 66 67 65 60 64 61 
59 62 59 64 59 63 60 60 61 62 
#1 105 104 104 104 104 105 104 105 104 105 
60 58 56 58 58 59 57 57 60 58 
58 57 62 61 60 59 61 62 59 59 
58 58 59 57 58 58 61 57 60 59 
60 59 64 64 58 58 64 60 62 60 
65 60 63 60 62 58 62 58 64 66 
62 68 68 71 70 67 70 68 72 68 
70 67 66 71 69 67 65 66 70 70 
64 65 65 67 66 64 65 68 66 66 
62 62 65 66 64 64 64 65 62 64 
64 59 54 59 58 61 59 58 60 58 
55 54 54 56 55 54 55 57 56 56 
59 55 58 57 61 58 62 59 60 61 
56 63 62 63 58 58 58 56 62 60 
56 54 55 55 55 55 56 56 55 56 
60 60 58 56 59 57 60 56 57 61 
74 69 72 68 68 69 66 70 70 72 
82 82 81 84 83 81 80 81 82 82 
81 78 80 79 78 79 76 82 76 78 
67 68 72 69 70 69 67 69 68 68 
60 61 59 58 59 58 58 58 60 59 
65 65 64 68 64 63 64 63 63 61 
67 65 68 66 66 64 64 63 65 65 
68 66 65 68 67 65 65 67 65 68 
67 67 67 67 67 67 67 68 65 67 
73 69 73 69 71 72 71 71 71 69 
71 72 72 71 71 71 71 69 72 71 
69 69 69 72 69 72 70 71 71 72 
69 69 69 71 69 69 70 69 70 70 
65 63 65 65 67 67 67 69 65 68 
66 65 66 65 65 65 65 65 68 65 
67 65 65 66 67 66 63 63 67 63 
61 63 62 64 61 62 61 63 64 61 
61 63 62 61 61 61 62 63 61 63 
61 61 61 62 62 62 61 61 61 61 
60 62 62 60 60 62 61 61 62 60 
71 64 67 67 67 66 70 68 67 69 
82 77 81 79 78 80 82 83 81 81 
85 87 84 78 84 85 83 83 84 83 
89 90 90 93 87 91 91 89 92 88 
62 58 62 63 61 59 62 63 58 61 
62 60 63 58 58 61 64 62 59 60 
60 59 63 63 70 69 63 65 66 60 
61 62 63 65 63 63 63 62 64 69 
58 57 60 61 60 58 61 58 60 62 
#1 104 104 105 104 105 104 107 104 105 106 
58 57 56 57 57 58 57 57 58 57 
58 59 55 57 57 57 58 56 55 57 
58 56 61 56 56 56 56 56 56 56 
59 61 60 58 59 58 64 58 60 59 
58 59 58 57 56 60 60 59 63 56 
57 63 62 61 62 60 60 65 65 58 
64 62 62 67 62 65 60 67 67 68 
61 61 60 60 60 58 61 61 60 58 
54 56 54 54 55 55 54 54 55 55 
61 60 60 60 62 60 58 58 60 62 
64 64 65 64 63 64 65 64 66 62 
64 65 65 66 66 66 65 64 64 65 
56 58 60 58 60 61 60 58 64 60 
54 55 59 55 55 57 54 55 56 55 
68 66 66 64 64 62 61 63 64 65 
79 80 78 81 82 81 78 80 80 82 
74 77 75 77 77 75 75 75 76 75 
64 65 64 66 64 65 64 65 64 64 
56 59 56 58 58 57 57 58 58 60 
61 60 64 59 59 63 60 60 61 60 
61 61 63 61 61 61 61 61 65 63 
67 63 67 66 63 64 65 63 64 67 
65 65 66 68 68 65 66 65 65 65 
69 68 67 68 69 67 71 69 70 70 
69 69 70 70 67 69 71 69 70 69 
69 69 69 70 70 69 69 69 69 69 
67 67 68 69 67 69 67 67 67 68 
64 63 63 63 65 63 63 63 63 63 
64 63 63 63 63 66 63 66 63 63 
64 62 63 62 62 61 64 64 61 62 
61 62 61 61 61 62 61 61 62 62 
61 62 62 62 62 62 61 62 64 63 
63 61 65 61 61 61 62 62 61 61 
62 64 61 61 61 60 60 63 61 60 
65 65 65 63 65 66 66 64 63 65 
78 76 79 80 79 77 79 79 76 75 
83 80 84 80 82 81 82 81 81 83 
82 83 81 82 85 83 85 84 80 85 
66 60 60 57 61 58 60 60 57 65 
60 61 62 58 61 61 59 60 61 60 
68 65 64 62 66 59 66 66 62 65 
67 64 64 65 67 68 68 66 66 66 
60 59 60 65 59 62 61 65 61 61 
56 58 58 58 61 56 58 57 57 58 
#1 104 104 105 105 105 104 104 104 104 104 
56 55 59 57 58 55 57 56 57 58 
56 56 57 58 56 55 58 55 56 57 
56 55 56 59 56 57 56 56 54 54 
57 56 56 54 57 56 55 56 54 56 
58 56 54 58 56 55 57 54 56 55 
60 58 61 59 58 58 62 62 61 59 
57 54 56 57 56 54 57 55 55 55 
58 60 58 62 66 60 56 58 63 62 
65 64 64 66 65 65 67 66 65 64 
64 65 66 64 66 67 64 64 64 64 
69 68 64 65 64 67 65 64 69 64 
64 66 65 65 64 64 65 64 64 64 
58 63 60 58 62 61 61 62 58 55 
61 64 65 63 64 60 60 60 65 64 
76 74 75 74 79 78 79 75 74 77 
77 72 71 73 76 75 71 74 73 74 
66 65 64 67 64 64 66 65 68 65 
54 56 54 55 55 58 55 55 58 55 
61 59 57 57 58 59 60 58 61 59 
58 60 60 59 59 60 57 61 61 60 
59 61 59 60 61 61 61 62 64 61 
65 65 63 64 64 66 63 64 66 64 
67 65 68 67 67 67 68 69 69 69 
67 65 67 67 67 65 69 67 67 67 
67 67 67 66 67 65 64 65 63 63 
63 65 64 63 64 63 63 65 63 63 
63 63 64 63 63 64 64 64 64 63 
61 62 61 61 62 61 61 61 62 62 
61 61 61 65 61 61 64 62 61 61 
62 63 61 61 62 62 62 61 63 61 
61 62 61 61 61 63 62 61 61 61 
62 60 62 62 61 59 63 62 61 62 
59 60 61 59 59 59 61 57 58 58 
63 64 64 65 65 63 63 62 65 64 
77 75 75 76 72 76 75 72 75 74 
83 82 82 79 77 81 77 84 83 78 
80 80 79 76 79 79 82 86 73 81 
62 68 62 64 65 62 58 59 60 63 
65 70 68 65 64 67 70 61 67 63 
69 66 73 65 70 71 67 68 68 70 
66 72 69 70 69 70 71 72 68 70 
60 55 60 58 61 62 56 62 60 58 
57 56 57 57 56 58 56 56 57 55 
57 61 58 58 56 56 56 58 57 56 
#1 104 105 104 104 105 106 104 104 104 104 
55 56 55 58 56 58 56 58 58 56 
56 57 57 55 55 55 55 55 56 55 
59 56 56 59 58 59 54 55 56 55 
58 56 60 58 56 56 54 62 56 54 
57 55 55 56 54 56 58 56 56 55 
63 62 57 61 63 59 60 59 57 61 
64 68 65 65 66 63 62 66 64 64 
70 66 69 66 66 64 70 66 66 67 
69 69 70 68 68 68 75 69 70 66 
70 70 71 65 68 67 69 70 76 73 
68 64 66 65 69 68 66 68 66 64 
64 66 65 64 64 63 66 66 66 64 
59 59 65 63 60 64 61 63 60 66 
75 75 79 77 80 77 75 75 74 75 
71 74 73 70 70 71 74 70 72 70 
62 64 67 64 64 64 65 65 64 63 
54 54 55 54 54 54 55 56 54 54 
58 55 56 60 58 57 59 56 58 57 
55 57 57 57 58 58 59 57 57 57 
61 57 59 59 60 55 58 57 59 56 
63 61 64 61 61 60 61 61 61 63 
65 65 63 65 64 64 64 65 67 63 
66 64 65 63 64 63 63 63 64 63 
63 64 63 65 63 64 64 63 63 65 
64 64 64 63 63 63 63 64 63 63 
61 62 62 61 62 62 62 62 61 61 
62 61 61 61 63 62 61 62 61 62 
61 63 61 61 63 61 61 61 61 61 
62 61 61 61 61 61 62 61 61 61 
62 61 63 61 61 61 62 62 61 63 
60 61 59 57 57 63 59 62 61 60 
52 56 55 55 54 55 54 54 54 54 
62 65 64 64 62 63 64 63 63 64 
72 72 74 73 76 74 74 68 72 70 
75 80 79 77 78 79 78 75 77 80 
72 82 80 76 72 80 76 75 77 72 
63 61 60 62 65 56 63 60 56 61 
65 64 65 66 60 64 64 62 68 68 
76 72 68 68 74 65 76 73 66 76 
66 67 64 68 68 69 67 62 66 62 
60 58 60 57 60 64 63 60 60 58 
56 58 60 58 56 57 58 58 57 59 
56 56 56 58 56 56 56 58 56 56 
56 56 58 55 56 55 57 57 57 57 
#1 105 106 104 104 104 104 104 105 105 104 
57 57 56 55 56 56 55 55 56 55 
59 54 55 57 55 58 56 56 58 57 
58 55 57 56 57 54 55 58 54 55 
55 61 56 55 56 56 57 56 57 56 
57 62 55 59 56 56 58 55 54 59 
65 62 65 64 60 64 62 65 64 64 
68 66 68 70 69 65 70 72 68 68 
72 74 78 78 74 78 70 75 78 76 
82 80 82 78 81 78 83 80 84 82 
75 77 75 75 72 70 74 79 74 68 
67 66 68 66 64 66 66 68 65 64 
65 64 64 65 64 64 66 62 60 65 
75 74 73 75 73 74 76 74 73 76 
73 71 72 69 72 70 71 69 72 70 
61 62 62 61 58 62 58 62 60 62 
54 52 52 53 52 53 54 53 52 53 
54 53 57 54 53 58 57 55 61 56 
57 55 56 58 59 57 58 56 58 57 
57 58 59 57 57 59 61 58 59 59 
57 59 60 59 61 59 60 62 59 59 
63 63 64 63 63 63 61 63 63 63 
64 63 64 63 63 63 63 64 63 63 
63 64 63 63 64 63 63 61 63 63 
61 62 61 63 61 61 61 61 61 62 
61 62 61 61 61 62 61 63 61 62 
61 61 61 63 63 61 62 62 61 63 
63 65 63 61 63 63 62 63 61 62 
61 63 61 61 63 61 63 61 63 62 
59 60 60 61 60 60 62 58 59 61 
57 58 58 58 57 57 58 57 58 57 
57 57 54 59 53 54 54 54 55 54 
65 61 65 64 60 65 66 65 61 67 
69 69 73 73 68 73 76 72 73 73 
83 80 76 76 74 76 78 79 75 74 
80 73 75 75 81 71 70 75 76 79 
62 64 65 62 65 62 66 58 64 67 
60 68 66 66 70 62 66 60 66 64 
78 72 72 72 72 70 70 64 77 72 
76 66 75 66 64 75 70 74 74 68 
63 64 64 62 64 66 64 64 60 64 
64 57 61 58 60 57 58 57 61 62 
56 56 56 54 56 57 56 55 55 55 
58 57 56 56 55 55 55 56 56 56 
57 56 58 55 57 56 58 57 55 55 
#1 105 104 104 104 104 104 104 104 104 104 
57 57 56 55 57 56 57 56 56 56 
55 56 57 56 55 56 55 57 56 54 
55 55 55 58 55 58 56 56 55 55 
56 56 54 56 56 56 58 57 56 56 
58 60 62 62 59 58 60 60 60 58 
74 74 67 68 70 74 70 69 70 69 
75 74 78 73 78 74 72 80 78 75 
76 82 80 79 76 79 74 75 78 76 
80 78 70 72 78 74 79 75 76 79 
68 69 66 66 70 73 65 71 70 72 
68 65 72 67 71 68 72 68 72 64 
74 72 74 81 76 74 74 76 75 76 
73 69 72 72 72 73 72 72 76 74 
62 64 62 63 61 63 63 61 64 60 
52 53 53 52 54 53 54 52 53 53 
56 55 56 53 56 53 54 58 56 57 
55 58 57 59 55 61 57 57 60 62 
61 60 61 60 59 57 62 60 60 61 
63 61 63 61 63 64 59 65 63 64 
63 65 64 65 65 66 65 63 66 63 
64 63 64 63 62 63 66 64 64 64 
61 61 61 61 62 62 61 63 62 61 
61 61 61 63 61 62 62 62 62 62 
61 61 61 61 63 62 61 63 61 61 
63 63 63 64 65 63 65 63 65 65 
63 64 63 64 64 65 64 64 63 65 
63 62 62 63 61 61 59 57 61 59 
57 58 58 57 57 58 57 57 58 57 
56 56 55 55 55 55 55 59 59 55 
54 57 52 52 53 52 53 52 54 56 
63 60 60 64 64 61 63 62 62 65 
73 72 72 72 73 73 72 73 74 73 
78 77 77 74 78 79 75 79 76 78 
77 71 71 70 75 74 78 78 72 73 
68 68 69 69 68 68 70 66 67 70 
66 66 70 70 68 66 64 69 68 67 
74 70 70 68 74 75 70 75 70 77 
78 76 73 77 74 72 78 74 72 79 
67 70 71 66 71 64 71 66 66 72 
56 58 64 56 58 62 56 61 60 56 
55 57 56 58 56 55 55 56 55 54 
56 58 58 54 56 58 56 55 54 57 
56 55 56 57 56 57 58 54 54 55 
57 55 57 57 55 56 56 56 57 55 
#1 106 104 104 104 104 104 104 105 105 104 
57 57 55 57 59 56 57 57 56 55 
56 55 56 57 58 56 55 56 55 55 
57 56 57 60 58 57 57 60 58 56 
61 59 58 62 63 59 60 65 58 61 
64 65 64 65 67 58 64 64 63 65 
76 72 70 73 74 72 74 72 80 73 
75 76 71 77 76 73 76 72 81 70 
67 74 71 73 76 68 70 70 68 74 
68 76 76 68 68 72 72 68 70 71 
69 74 73 73 75 74 72 75 77 77 
77 83 74 79 76 78 79 78 77 74 
73 74 73 72 74 72 73 73 73 72 
60 60 62 63 60 63 61 61 62 60 
52 54 54 52 54 52 55 54 53 55 
55 56 56 58 58 57 57 55 57 55 
59 57 61 59 57 60 57 57 60 59 
61 63 62 57 58 61 62 61 62 63 
63 63 63 64 63 63 63 63 65 63 
63 64 65 62 63 65 61 65 63 61 
61 61 61 61 61 62 61 62 61 63 
61 62 61 61 62 61 61 61 62 61 
61 63 61 62 63 61 62 61 61 61 
65 61 63 63 65 63 66 64 64 62 
65 63 66 65 65 66 65 65 65 65 
63 62 65 65 65 65 64 63 64 59 
60 60 59 60 59 59 59 59 59 57 
60 57 57 58 57 57 57 57 59 58 
53 58 54 54 55 53 53 55 53 53 
52 52 52 54 53 56 52 53 52 54 
62 64 66 66 63 62 61 63 63 61 
72 71 73 72 71 75 70 76 74 70 
75 76 76 77 79 77 78 76 74 82 
72 69 71 71 73 72 72 66 70 70 
70 66 73 67 68 72 65 70 70 70 
66 77 74 74 76 76 76 69 76 68 
74 78 82 80 78 79 75 78 81 74 
72 78 75 74 76 75 74 74 73 77 
68 64 68 68 68 66 70 68 67 70 
67 59 59 62 58 66 58 68 60 61 
54 56 56 54 57 54 56 55 54 57 
55 59 54 57 62 56 58 55 57 59 
56 59 56 55 54 56 58 54 55 56 
58 55 56 56 59 54 54 56 56 54 
57 57 55 56 55 57 57 56 57 55 
#1 105 104 104 105 104 105 105 104 105 105 
58 56 55 57 57 56 56 56 55 58 
59 57 59 55 59 56 56 58 59 56 
55 58 58 58 59 56 57 54 62 56 
62 60 61 63 64 63 62 64 69 64 
69 68 70 66 67 68 67 69 66 64 
72 69 71 72 73 69 73 74 66 72 
66 69 70 69 74 67 68 68 71 70 
64 70 68 65 69 69 62 64 64 64 
71 78 75 69 76 72 78 74 77 74 
77 76 78 76 81 77 79 77 76 78 
73 73 70 73 68 72 72 76 72 71 
64 65 64 60 64 63 63 61 66 63 
52 52 55 57 54 56 53 54 52 58 
58 59 55 58 55 58 57 59 57 57 
61 60 59 60 61 57 62 61 61 63 
61 61 61 61 61 61 62 61 62 62 
61 62 61 62 61 61 62 62 62 64 
62 63 63 63 62 61 61 63 61 62 
61 61 61 61 61 61 63 61 61 61 
61 62 61 61 62 61 62 62 62 62 
62 64 62 63 61 64 64 63 61 61 
63 63 63 65 63 63 65 63 63 63 
61 63 61 67 61 63 66 64 61 63 
61 59 63 59 61 61 62 61 62 59 
61 58 57 58 61 58 57 59 59 58 
55 55 55 56 58 57 57 55 57 58 
55 53 53 56 54 56 55 56 55 53 
53 53 53 55 52 52 54 56 55 54 
62 64 62 64 66 62 60 60 63 63 
70 68 70 70 70 72 73 69 70 71 
74 76 74 76 75 75 77 74 76 78 
68 62 68 63 61 65 64 70 65 66 
64 72 70 70 69 64 71 64 62 61 
74 77 72 70 78 76 76 75 70 72 
78 78 78 78 80 81 82 82 80 78 
66 70 69 67 70 68 73 68 72 69 
65 64 67 64 66 65 66 64 65 65 
66 64 67 63 62 64 63 66 64 66 
58 58 56 60 60 59 59 56 62 60 
56 56 54 55 55 56 57 56 58 59 
55 56 58 55 57 56 55 54 57 56 
56 55 56 59 56 56 56 56 57 56 
56 56 57 56 57 55 56 56 56 57 
55 57 56 57 56 56 55 56 58 57 
#1 105 104 104 105 105 105 104 104 104 104 
57 58 57 56 57 58 58 57 57 57 
57 56 57 59 57 57 57 55 56 58 
59 56 60 59 60 60 60 62 60 60 
70 68 75 69 75 72 74 74 66 67 
70 72 76 70 74 70 70 72 71 72 
71 61 73 65 68 71 67 69 71 70 
66 60 64 60 63 59 61 64 62 63 
77 68 78 72 74 73 74 73 81 76 
78 78 75 82 79 79 73 78 77 74 
72 72 74 75 72 76 73 74 72 74 
64 64 64 62 62 64 62 62 63 62 
55 53 53 56 59 56 54 52 55 56 
62 58 64 62 60 63 64 61 61 62 
61 61 61 62 63 62 61 59 60 63 
61 61 61 61 62 61 62 61 63 61 
61 61 62 61 61 61 61 61 61 61 
62 61 62 62 62 61 62 61 62 61 
62 61 61 61 63 62 61 61 61 61 
61 63 63 63 64 64 61 63 63 63 
65 65 65 66 64 64 63 65 66 65 
66 66 65 66 63 63 65 63 66 64 
65 64 61 61 67 64 61 62 59 61 
62 63 64 66 63 61 63 63 61 61 
60 62 59 58 61 57 57 58 61 60 
57 58 57 57 55 60 59 58 57 58 
56 57 55 55 56 55 58 55 56 58 
53 54 54 54 54 52 56 54 57 55 
66 63 64 67 64 64 65 62 65 62 
71 71 71 74 70 71 72 73 72 72 
77 79 74 77 74 76 73 76 76 76 
62 63 66 62 67 65 65 62 65 62 
64 67 64 64 66 68 65 64 64 66 
68 65 68 67 65 64 68 65 64 65 
67 67 68 70 68 68 71 69 66 67 
64 66 64 64 67 67 65 64 65 64 
64 64 64 62 64 65 65 64 65 64 
58 57 61 62 60 58 61 62 59 58 
55 57 55 55 54 54 54 56 56 56 
56 60 58 61 60 61 62 56 59 59 
56 56 55 55 59 60 55 57 55 56 
59 54 56 57 56 56 56 54 56 56 
56 59 56 57 55 60 59 55 54 54 
56 57 57 56 59 57 56 56 58 55 
57 58 56 59 58 56 58 59 58 58 
#1 104 104 104 105 104 105 107 104 104 104 
58 56 58 57 59 57 58 55 59 59 
60 61 60 62 62 60 60 59 60 60 
64 66 65 66 67 62 64 68 66 67 
69 73 72 68 70 68 74 68 72 69 
69 65 64 68 66 73 68 64 64 71 
64 63 63 62 61 67 66 68 68 63 
81 80 76 80 77 79 79 81 73 80 
77 77 79 81 79 80 81 84 81 80 
74 76 75 72 78 77 75 72 76 74 
67 62 65 62 64 63 62 66 64 62 
56 60 58 59 59 60 60 60 62 59 
62 64 64 63 63 61 61 63 62 62 
62 63 64 64 64 63 62 61 61 62 
61 62 61 61 61 63 61 61 62 61 
62 61 62 62 62 62 63 61 62 61 
61 63 61 64 63 61 62 64 62 62 
63 64 62 64 64 64 63 64 64 63 
66 67 65 69 63 65 64 63 65 65 
68 67 65 67 65 68 67 67 67 69 
67 65 69 67 67 67 67 65 67 69 
65 68 67 68 65 65 65 66 65 67 
65 63 65 63 64 65 65 65 65 66 
59 61 61 63 61 62 61 61 63 62 
63 60 59 59 59 59 57 61 59 60 
60 57 57 56 59 59 58 58 58 60 
56 57 54 57 57 55 57 56 56 56 
66 64 67 66 66 64 66 64 66 65 
74 72 75 78 72 70 74 77 73 70 
77 76 81 75 75 74 77 77 75 75 
58 58 61 60 61 63 60 58 62 60 
61 60 59 56 57 56 60 60 58 61 
64 64 65 65 64 65 65 64 64 64 
64 66 64 64 62 66 66 64 68 64 
65 64 64 65 62 64 67 66 66 64 
62 58 61 62 58 57 61 60 64 57 
54 54 54 55 55 55 56 54 55 54 
62 56 60 61 56 57 63 57 61 56 
66 64 65 65 67 66 65 66 63 64 
62 64 63 66 59 65 62 63 60 58 
58 56 56 60 60 58 61 59 59 63 
65 63 62 60 60 59 58 61 58 58 
58 60 56 60 56 58 59 58 59 56 
57 57 59 58 56 57 57 57 56 58 
57 59 58 56 61 58 56 59 57 60 
#1 104 104 104 104 106 106 105 105 105 104 
61 59 60 62 59 60 61 63 62 60 
65 65 66 65 65 65 67 64 61 62 
68 66 67 71 65 64 66 65 65 65 
62 65 60 60 64 64 63 64 61 60 
58 60 60 61 59 63 57 61 58 62 
85 83 87 81 88 82 83 82 89 87 
80 77 83 82 78 80 78 79 85 81 
78 81 79 76 81 80 78 77 82 74 
67 64 65 64 67 64 64 62 64 66 
61 63 61 61 62 60 60 61 62 60 
62 61 62 64 61 66 62 62 65 62 
62 62 62 61 62 61 62 62 62 61 
61 61 61 61 61 61 62 64 61 61 
61 63 61 61 64 61 63 61 62 63 
67 63 63 63 64 61 63 63 65 66 
65 65 65 63 63 66 64 63 68 65 
67 67 68 71 69 69 68 67 69 67 
69 69 69 71 67 70 69 69 69 69 
70 69 69 71 70 67 69 71 69 69 
67 67 68 67 69 67 70 67 67 69 
68 67 68 67 67 67 65 67 65 66 
65 64 65 63 64 65 63 64 63 65 
62 61 63 66 63 62 59 61 63 65 
59 61 61 59 59 62 59 59 59 60 
61 56 58 59 59 57 60 59 59 58 
66 66 65 65 65 65 64 66 67 64 
76 74 75 76 76 79 75 74 76 75 
77 81 79 80 81 79 80 81 78 80 
67 66 66 62 66 63 66 61 67 68 
56 58 55 60 54 54 57 57 57 54 
62 59 61 56 60 63 63 63 58 60 
64 66 65 62 66 64 64 64 62 65 
58 62 60 60 60 58 57 61 61 63 
55 56 54 54 55 56 57 55 54 56 
61 58 60 58 57 63 60 56 58 60 
65 64 63 64 66 62 64 65 64 64 
71 67 64 66 67 66 65 64 66 66 
67 72 69 70 65 69 70 68 67 69 
68 66 68 70 72 75 70 66 62 73 
64 67 68 60 62 66 59 67 65 61 
62 62 63 68 58 61 58 62 62 65 
59 58 60 58 60 61 60 58 64 61 
58 58 58 63 60 62 59 59 61 60 
55 60 58 60 61 61 60 59 61 60 
#1 105 104 105 104 104 104 105 106 104 106 
62 62 61 63 62 66 63 61 60 63 
67 66 68 65 64 64 66 64 69 66 
61 58 62 59 59 63 61 59 60 59 
59 59 59 60 62 63 62 60 59 59 
86 88 92 88 89 84 86 87 86 90 
85 85 84 82 84 83 79 82 84 81 
80 81 80 81 81 80 80 80 82 81 
68 66 69 64 68 64 69 70 67 64 
61 61 60 61 61 61 61 60 62 60 
61 63 61 64 64 61 64 62 67 62 
61 61 61 61 62 61 61 63 61 62 
61 62 63 62 63 63 61 62 61 65 
67 63 67 63 63 67 65 63 67 65 
68 66 67 65 65 65 67 65 69 65 
69 65 70 69 67 68 67 69 67 67 
69 69 69 70 70 69 69 69 69 71 
72 69 70 74 69 70 69 73 69 69 
71 72 73 71 71 71 71 71 71 72 
72 69 71 69 72 71 68 72 71 70 
68 67 68 68 67 67 69 67 68 67 
65 65 67 67 65 67 67 65 67 65 
63 65 66 65 63 63 66 64 68 64 
64 61 63 59 63 65 61 62 61 62 
60 60 58 58 59 58 58 60 58 58 
68 71 69 68 69 68 68 66 72 72 
78 79 77 79 80 76 78 81 76 80 
83 82 82 82 82 83 82 83 81 82 
71 68 72 69 67 72 73 74 70 68 
58 60 60 60 61 56 59 58 59 63 
55 56 56 55 56 55 55 55 55 55 
60 63 56 59 58 54 61 60 61 61 
56 55 55 56 55 55 55 55 56 54 
56 58 59 56 57 62 60 62 58 62 
64 65 65 64 64 65 65 65 64 64 
65 67 64 63 64 64 66 65 66 64 
72 71 69 66 70 70 66 71 68 66 
77 73 72 74 81 75 73 76 75 74 
76 82 74 72 74 76 71 78 74 76 
70 72 67 70 74 73 76 74 70 74 
71 71 68 63 62 68 63 65 64 70 
72 69 68 68 72 66 65 68 64 75 
68 70 64 64 67 70 68 68 64 66 
61 62 62 64 64 65 66 65 63 64 
62 62 64 61 65 65 63 61 66 63 
#1 105 105 107 106 106 104 105 107 105 107 
63 66 61 66 62 65 59 67 62 61 
62 62 65 64 65 63 62 65 62 64 
69 68 67 66 66 67 65 69 67 67 
91 93 89 92 90 95 93 91 92 91 
89 92 86 92 88 90 90 83 87 89 
83 83 81 81 80 81 80 80 80 80 
69 72 66 72 71 69 71 68 70 70 
60 62 61 60 61 60 60 61 61 61 
63 62 63 61 63 62 64 64 62 64 
62 64 61 63 62 64 61 62 62 61 
63 63 65 65 63 68 63 67 65 65 
68 67 70 67 69 68 69 67 68 67 
69 71 67 71 71 69 71 67 68 69 
69 70 71 69 69 69 69 72 69 69 
71 71 71 74 69 73 71 69 71 71 
72 72 71 71 71 72 71 71 71 71 
71 71 71 72 72 72 73 72 71 71 
77 73 71 75 71 75 71 71 74 71 
77 75 72 73 73 71 72 73 75 71 
68 67 72 69 68 69 67 69 67 68 
67 69 65 65 67 67 69 66 68 68 
63 65 63 64 64 64 63 65 64 64 
60 63 61 60 60 61 60 63 60 60 
72 74 70 74 73 70 73 73 74 71 
80 82 82 79 82 81 80 82 83 80 
85 84 87 87 87 85 89 86 87 82 
75 75 78 75 77 73 75 78 76 80 
68 64 65 62 62 64 66 64 65 64 
57 57 61 60 57 57 56 59 56 59 
55 57 54 57 55 55 55 56 56 55 
55 55 55 56 56 54 55 55 56 55 
63 58 62 62 62 61 61 56 58 61 
64 64 64 65 66 65 64 66 64 64 
64 66 66 66 65 65 64 66 68 70 
66 70 66 68 70 68 66 68 68 66 
83 82 79 78 77 82 79 79 79 81 
74 83 76 77 74 77 74 81 74 78 
72 76 70 78 76 70 72 71 74 68 
73 76 69 72 72 74 71 70 69 68 
75 73 77 72 75 73 75 76 68 71 
67 69 72 70 72 68 72 69 71 63 
68 68 68 69 71 66 63 70 67 70 
65 63 64 69 66 67 67 67 68 65 
64 62 66 62 64 65 64 70 64 64 
#1 105 105 106 104 105 106 106 104 105 107 
63 66 64 61 66 72 66 65 69 63 
71 75 80 74 70 83 71 74 85 84 
95 91 88 92 95 91 97 93 89 93 
91 92 93 89 90 92 90 89 94 91 
82 81 85 81 81 83 80 80 81 80 
75 75 74 70 73 74 75 73 72 74 
60 62 62 61 60 64 61 61 60 60 
64 65 61 63 62 63 64 62 63 64 
65 61 63 65 62 64 65 62 63 67 
69 67 65 71 67 65 69 70 69 67 
70 72 71 70 69 69 69 69 69 70 
72 73 71 72 69 73 71 73 72 72 
72 71 71 73 74 71 71 69 72 69 
71 71 71 72 72 73 71 71 74 74 
72 71 72 71 72 72 71 71 71 71 
71 71 71 74 73 72 72 71 73 72 
71 73 75 73 73 75 76 73 75 73 
74 73 74 69 73 69 73 75 76 75 
70 69 69 71 69 69 70 71 67 69 
69 68 68 68 65 70 67 67 68 67 
64 64 64 63 63 65 65 65 64 64 
61 61 60 62 63 63 63 60 61 63 
78 73 72 74 77 76 75 74 74 73 
81 80 80 78 81 81 80 82 80 81 
82 85 84 87 87 84 83 84 85 85 
77 76 80 78 71 78 78 76 77 76 
64 63 63 63 62 66 63 66 66 66 
64 62 59 59 57 60 59 59 60 58 
56 57 56 55 54 56 56 57 57 55 
61 56 60 60 59 62 58 59 61 60 
56 54 54 56 54 56 55 55 56 54 
58 61 58 59 58 61 55 58 61 60 
65 64 65 66 65 64 67 64 62 65 
66 70 66 66 71 65 64 69 64 68 
78 72 72 76 70 72 71 74 73 74 
70 77 72 76 78 76 78 76 76 76 
70 67 64 72 68 71 65 68 66 71 
70 62 70 64 62 71 71 67 60 67 
68 62 64 64 65 67 64 66 65 65 
71 70 65 65 67 67 70 69 70 64 
62 62 62 63 64 62 60 65 62 60 
62 57 64 62 57 59 59 61 60 59 
67 63 65 60 62 63 64 62 66 66 
67 61 66 65 67 66 64 61 61 63 
#1 104 104 104 104 105 106 105 105 105 104 
75 72 71 68 70 76 69 70 79 76 
95 93 94 90 97 88 90 89 92 95 
89 87 83 84 87 84 85 85 85 89 
80 81 82 82 83 80 80 81 81 80 
65 73 71 71 66 69 70 68 68 67 
62 60 62 62 60 60 61 60 60 60 
64 64 61 64 64 63 61 63 66 64 
61 63 61 63 62 62 63 63 61 62 
63 63 62 61 61 67 62 62 63 63 
68 66 65 69 68 68 67 65 67 70 
67 65 65 65 69 66 71 68 68 65 
71 71 71 69 71 68 72 71 72 70 
69 69 70 70 69 69 69 71 69 69 
69 69 69 69 69 69 69 71 71 69 
71 71 71 72 73 71 71 71 72 71 
69 69 69 69 71 71 71 72 69 71 
71 69 69 69 70 69 71 71 69 70 
67 67 65 70 69 67 67 65 67 66 
63 64 66 64 64 63 66 65 65 63 
63 63 65 62 65 63 67 64 63 65 
59 61 61 59 60 62 58 61 59 61 
74 71 72 67 71 70 71 71 69 74 
80 80 78 80 80 80 79 78 78 77 
85 81 81 82 82 83 80 80 83 83 
73 72 68 66 75 73 73 72 72 74 
60 57 57 63 59 62 61 58 57 58 
56 56 55 54 55 55 57 55 55 55 
62 60 58 58 56 58 60 60 60 58 
66 65 64 66 62 64 62 66 65 63 
59 56 59 60 62 61 62 63 56 59 
57 55 55 55 56 56 56 56 55 56 
60 60 60 56 57 62 61 59 63 58 
66 65 64 66 66 64 63 66 64 66 
69 64 70 70 65 72 66 70 69 63 
67 70 68 70 68 70 70 68 70 69 
70 72 68 68 70 70 68 71 78 70 
64 66 66 68 67 61 67 69 66 68 
65 62 57 59 61 63 64 62 63 68 
60 59 64 62 64 64 62 60 62 65 
61 61 57 65 62 66 60 62 60 61 
60 63 63 60 60 60 62 61 60 64 
66 68 68 69 69 65 67 63 69 63 
83 80 69 72 75 74 68 76 75 81 
69 77 67 77 76 78 66 72 73 70 
#1 106 106 105 109 105 106 106 106 106 104 
85 88 87 95 84 91 90 87 88 82 
81 81 84 83 81 83 86 83 85 88 
79 78 78 78 81 83 79 78 74 77 
65 64 66 68 62 68 67 62 66 64 
60 61 61 61 61 60 62 60 60 61 
64 61 61 61 62 63 67 63 62 61 
62 61 63 61 66 63 65 62 61 61 
62 61 63 62 61 62 61 61 62 62 
66 63 64 65 63 64 67 62 63 63 
65 67 65 62 65 65 66 64 68 68 
71 68 65 67 69 68 65 65 67 67 
67 69 69 69 69 70 67 68 71 69 
69 69 70 69 69 69 69 70 69 71 
69 69 71 69 71 71 69 69 69 70 
67 67 67 69 65 67 67 68 67 67 
67 70 65 67 65 67 67 67 67 65 
63 65 64 65 64 63 66 67 65 65 
64 61 64 61 66 63 66 64 63 64 
59 59 61 61 60 63 60 59 59 62 
59 59 56 59 60 59 59 59 58 59 
66 68 66 68 67 69 72 68 67 68 
76 74 76 74 78 77 78 76 74 77 
80 79 80 77 82 78 79 82 80 79 
62 67 67 64 64 60 66 67 60 64 
55 56 57 56 57 56 58 56 56 56 
56 63 58 58 55 61 57 56 60 56 
62 65 65 65 64 63 60 63 62 62 
77 78 74 74 76 76 81 76 76 74 
68 68 66 72 69 75 72 69 70 68 
63 68 67 69 64 68 65 63 68 61 
60 62 62 63 62 62 61 60 61 61 
58 62 64 60 64 61 62 61 64 63 
67 68 64 68 62 62 65 65 66 64 
68 70 73 70 66 73 66 66 71 70 
74 72 75 73 73 76 73 74 71 74 
76 78 74 72 63 76 71 71 71 69 
72 68 78 77 71 77 76 73 77 76 
80 74 78 73 76 74 80 77 79 78 
83 81 80 83 84 82 82 85 82 84 
92 86 86 90 87 91 90 84 93 93 
93 90 93 89 91 92 96 95 93 93 
101 90 89 94 93 96 91 92 90 90 
96 86 86 94 92 90 90 95 94 90 
93 87 82 88 84 84 89 87 88 89 
#1 101 100 100 101 101 102 101 100 100 102 
69 70 68 66 66 72 67 71 68 65 
66 63 66 63 65 66 65 64 62 64 
59 60 60 58 56 60 56 61 58 56 
56 56 57 55 58 57 58 55 56 56 
54 52 53 53 55 54 52 52 53 52 
56 56 53 55 54 55 54 56 56 57 
57 57 58 57 57 57 55 59 57 57 
60 59 57 59 57 58 59 60 59 59 
60 61 58 59 60 59 58 59 58 57 
56 56 55 57 59 56 59 55 59 55 
60 60 62 61 61 60 61 59 59 62 
57 59 60 59 60 61 60 59 62 59 
59 60 59 59 59 59 60 61 59 60 
59 60 59 59 59 59 60 61 59 60 
59 59 59 59 59 59 59 59 60 60 
59 59 59 59 60 60 60 59 59 57 
55 56 55 55 55 55 56 55 58 56 
51 52 54 53 51 52 53 53 52 53 
51 56 53 54 52 53 56 53 52 54 
56 57 56 56 56 60 58 60 58 61 
65 66 66 64 67 67 68 63 67 66 
56 61 59 58 56 61 61 57 60 58 
51 52 50 51 52 52 51 50 51 52 
60 65 67 65 62 62 63 66 61 62 
70 68 68 70 66 71 70 70 66 70 
74 76 72 74 80 76 81 77 75 70 
85 85 87 86 85 84 87 86 84 87 
81 81 80 84 79 81 82 83 82 80 
78 76 80 82 79 79 81 79 78 77 
77 73 77 78 77 78 77 78 74 80 
72 72 74 78 78 72 74 76 76 73 
77 75 74 74 74 74 73 75 71 75 
78 75 79 77 73 76 70 74 79 82 
77 77 82 83 76 80 78 75 75 79 
77 76 78 77 74 77 77 76 79 76 
78 77 77 75 76 74 78 78 74 78 
80 80 84 85 81 79 81 80 79 81 
85 81 82 81 85 82 80 78 85 82 
85 86 84 86 82 82 82 84 83 82 
88 85 87 89 90 88 89 89 89 90 
92 90 92 94 88 93 92 92 90 94 
84 87 82 84 82 85 85 84 84 88 
85 83 84 87 82 86 82 85 83 83 
70 70 68 71 67 68 70 71 67 71 
#1 102 103 100 101 101 101 102 104 101 101 
56 59 57 58 59 58 56 57 58 62 
51 54 53 52 55 56 51 54 53 54 
60 60 61 60 60 62 60 61 65 62 
62 63 61 61 62 60 60 62 62 60 
61 59 62 58 58 60 58 58 56 61 
53 56 57 56 52 58 54 56 58 54 
53 51 54 51 53 52 54 52 52 54 
52 54 52 52 52 55 53 51 52 54 
55 52 53 52 53 52 53 51 51 51 
51 51 52 53 54 53 52 53 54 51 
53 51 53 54 55 53 58 51 54 53 
55 55 55 57 53 55 53 56 58 54 
53 53 54 53 53 51 53 54 53 51 
52 53 53 53 52 53 53 52 54 53 
52 53 52 52 52 51 53 52 52 52 
56 54 57 57 54 56 54 57 56 56 
63 64 56 59 60 59 60 60 60 58 
63 64 62 64 64 63 67 62 64 65 
54 50 53 52 57 52 52 52 54 56 
52 51 53 52 50 52 52 52 51 52 
53 52 53 50 50 52 53 52 51 51 
58 60 59 58 57 58 61 56 58 58 
78 77 80 79 79 80 81 82 80 80 
81 82 84 82 80 82 80 81 80 81 
88 84 82 85 87 82 86 82 85 87 
80 78 81 79 82 79 81 80 81 83 
82 77 78 79 78 78 78 78 74 81 
75 74 75 77 77 74 72 74 77 74 
73 69 73 72 73 72 71 76 68 75 
72 71 71 70 70 74 71 70 70 73 
69 71 68 71 70 73 68 68 75 70 
74 71 72 72 71 73 73 74 72 73 
70 71 73 74 73 72 74 74 73 72 
73 74 70 71 74 73 71 73 74 72 
73 74 73 75 73 73 73 73 71 70 
74 75 73 71 74 73 72 76 72 72 
78 79 80 80 77 80 79 78 80 76 
82 80 80 81 80 80 78 79 80 81 
80 80 81 83 81 81 81 84 79 80 
82 83 82 82 82 79 80 82 82 80 
83 78 83 83 83 80 80 83 81 83 
78 78 80 80 81 83 79 80 81 81 
66 71 67 62 66 64 66 66 67 64 
53 54 60 57 56 54 58 57 55 61 
#1 101 100 103 101 104 101 104 101 101 102 
56 58 53 56 52 56 55 56 56 60 
70 71 72 73 68 66 74 69 68 70 
69 64 68 70 68 64 67 71 67 66 
63 65 64 62 64 62 60 64 65 63 
58 60 58 63 58 59 62 61 60 61 
54 54 55 53 51 52 53 51 57 52 
53 56 53 57 55 53 51 52 51 54 
54 57 56 54 56 58 56 54 54 61 
53 52 55 52 56 54 57 55 54 52 
52 54 55 52 52 53 52 56 54 55 
54 54 52 52 53 54 52 53 56 57 
53 51 52 54 54 53 52 51 54 53 
52 53 51 55 53 53 57 55 56 51 
57 58 57 54 59 56 59 54 54 57 
64 62 62 60 63 63 62 60 63 63 
67 69 67 65 65 66 69 65 68 65 
68 66 66 70 69 69 68 70 64 69 
54 55 58 54 55 58 60 54 55 54 
50 52 50 52 51 53 52 52 51 51 
53 52 54 50 52 51 52 53 51 51 
66 67 64 66 66 63 66 63 64 64 
79 75 74 77 78 77 76 77 76 76 
79 78 82 80 79 77 81 80 82 77 
85 83 81 79 81 81 82 80 80 80 
72 72 71 71 70 70 72 72 70 72 
70 68 67 67 67 70 69 66 68 66 
65 67 66 64 64 64 67 65 65 64 
64 66 65 64 65 65 64 65 66 64 
62 65 63 66 65 64 64 64 66 64 
62 63 63 63 62 60 62 60 63 63 
60 63 60 60 61 61 62 61 60 63 
61 64 64 64 64 64 66 61 60 63 
61 64 66 59 62 62 64 65 63 65 
63 62 62 66 62 64 65 62 62 63 
62 64 62 62 62 63 60 64 64 63 
65 65 64 66 65 66 64 64 64 64 
65 65 67 64 71 67 70 70 68 67 
71 70 70 68 70 72 72 71 70 74 
72 74 74 76 72 72 71 72 73 74 
66 71 68 68 68 68 67 74 69 69 
65 62 66 67 65 64 64 69 66 67 
59 58 60 61 60 60 62 60 61 60 
55 53 55 55 55 54 55 52 53 55 
57 56 57 56 56 57 58 57 59 54 
#1 101 100 102 101 104 100 100 100 104 101 
66 69 70 70 68 66 65 71 64 68 
70 68 62 69 69 70 62 67 66 70 
61 62 61 60 60 64 61 63 60 66 
57 56 56 56 59 56 54 61 56 53 
52 54 53 52 52 53 53 54 52 52 
54 51 53 53 53 51 56 56 52 51 
54 55 55 53 56 55 56 56 55 54 
59 55 58 57 59 58 55 53 60 53 
59 56 57 53 58 57 57 54 55 54 
55 55 59 57 57 56 53 55 57 55 
53 58 59 59 58 59 57 57 58 57 
55 51 52 51 55 57 55 55 55 53 
52 51 55 52 53 56 53 54 52 52 
55 57 55 54 56 54 54 56 58 54 
60 61 55 58 59 64 57 60 56 58 
60 60 66 61 65 65 65 61 63 63 
52 51 50 51 52 51 50 50 52 50 
57 54 55 60 56 56 56 56 58 55 
53 53 54 51 53 52 52 52 52 52 
58 58 56 56 58 58 57 54 58 55 
67 67 68 67 66 67 66 66 67 69 
69 70 70 69 69 72 74 70 70 72 
73 70 73 72 75 72 75 74 74 73 
64 60 60 58 60 58 61 61 59 61 
60 58 58 59 58 58 58 58 58 61 
59 60 58 57 59 61 59 59 57 58 
55 55 55 55 54 55 56 54 56 55 
54 55 55 54 55 55 55 57 54 56 
55 52 53 52 54 53 52 53 52 53 
52 52 52 54 53 53 53 52 52 52 
53 52 54 52 52 52 52 52 55 52 
55 54 53 54 54 57 52 55 54 52 
58 58 54 55 57 56 54 55 59 57 
59 63 58 59 58 60 61 57 56 58 
61 60 61 61 60 59 60 61 60 62 
61 61 60 61 60 60 61 61 61 61 
61 60 62 61 60 60 60 61 60 61 
62 62 61 60 60 61 60 63 60 61 
61 62 60 61 61 60 60 60 62 60 
60 62 60 60 60 61 61 61 60 60 
56 55 57 56 56 56 55 55 55 56 
60 61 60 63 61 61 62 60 61 58 
73 72 73 72 71 70 72 76 73 73 
69 66 64 70 69 68 70 69 68 68 
#1 100 100 101 102 101 102 101 101 101 102 
77 78 80 83 79 79 79 80 84 80 
78 88 84 91 77 87 85 81 86 80 
82 77 77 77 84 73 79 84 73 71 
82 85 80 85 77 86 86 82 75 85 
79 77 76 78 71 70 80 79 80 82 
69 80 75 71 73 69 75 71 69 71 
73 67 72 68 74 67 68 67 69 71 
72 70 73 73 75 73 72 72 73 72 
77 75 76 74 77 78 73 77 74 78 
72 70 69 69 72 74 69 68 71 69 
66 66 66 65 65 65 65 65 65 66 
62 61 62 63 62 65 62 61 62 63 
55 62 59 63 58 56 57 57 59 59 
52 51 52 52 52 51 51 52 51 52 
51 51 52 51 51 50 51 52 51 52 
60 62 63 62 63 62 62 63 60 64 
68 70 68 68 67 67 68 69 68 66 
63 64 64 64 64 62 64 61 64 64 
54 52 55 56 56 52 54 55 53 53 
59 59 58 59 57 59 58 58 58 58 
58 59 59 58 60 61 59 58 62 58 
60 61 62 60 61 60 60 60 63 60 
67 69 63 65 63 65 64 66 63 64 
62 65 65 65 65 60 65 71 66 62 
59 62 59 60 60 61 63 62 60 62 
57 59 58 59 65 61 59 59 58 60 
60 55 56 58 55 57 55 58 57 55 
57 56 56 55 55 55 53 55 55 55 
54 54 54 53 56 56 55 55 56 54 
56 58 57 58 59 57 56 56 56 56 
57 56 61 57 58 60 63 59 59 57 
59 59 60 61 61 65 61 62 60 58 
60 63 65 62 61 63 61 62 65 64 
62 64 63 63 63 64 67 61 63 63 
64 63 63 65 64 63 62 63 65 62 
62 62 62 62 65 65 62 63 64 64 
62 62 64 61 64 64 62 64 62 61 
63 64 62 64 62 62 64 65 65 64 
61 63 65 62 64 62 61 62 62 64 
56 52 52 53 54 52 54 53 52 54 
60 61 60 61 61 60 60 60 60 61 
66 66 65 70 68 64 66 70 65 69 
67 71 69 71 68 69 64 64 73 74 
75 83 77 80 84 79 78 78 77 76 
#1 110 104 101 102 107 102 104 103 105 106 
62 71 71 72 66 66 68 61 71 67 
67 66 71 68 73 73 66 69 70 73 
72 74 65 67 71 74 72 75 74 63 
78 74 73 77 76 73 74 85 72 69 
59 57 61 67 69 59 65 67 60 65 
67 66 70 71 72 69 63 69 67 70 
72 69 70 69 72 75 69 70 70 71 
75 71 71 74 70 71 73 73 72 71 
64 66 65 67 64 65 67 65 67 65 
63 64 63 66 63 65 64 65 65 64 
61 59 59 59 60 59 57 59 62 61 
56 52 53 54 54 54 53 53 55 56 
53 52 54 53 52 53 52 54 52 53 
51 53 53 53 52 53 51 52 51 52 
60 57 61 56 58 59 58 59 60 62 
64 64 64 68 67 66 64 66 66 66 
58 61 63 58 58 60 59 58 59 61 
57 52 54 53 51 52 53 52 52 54 
64 61 64 63 62 64 61 62 61 62 
63 64 63 64 65 62 62 63 66 63 
69 63 66 66 66 65 63 66 65 63 
67 69 66 67 66 68 67 68 65 66 
65 67 66 67 63 64 63 64 65 63 
60 61 65 63 62 68 63 61 62 64 
57 59 57 61 60 58 58 57 60 62 
56 59 59 58 59 60 57 58 58 56 
55 57 60 55 57 59 57 55 56 57 
58 60 57 59 58 61 56 55 61 57 
61 58 59 57 59 58 60 59 55 59 
58 62 61 61 61 60 59 64 61 62 
61 62 63 61 63 62 62 61 64 61 
62 62 65 62 62 62 62 63 61 62 
63 62 63 61 61 61 62 63 61 61 
64 61 63 61 61 63 62 62 61 61 
62 62 64 63 62 62 65 61 61 62 
63 63 64 63 66 65 63 63 64 64 
64 61 61 62 61 61 64 62 61 62 
61 61 62 62 63 62 62 63 61 61 
55 55 55 53 57 56 58 56 54 57 
62 58 54 58 57 58 59 59 56 58 
66 66 64 63 65 58 60 62 66 62 
61 60 60 59 66 65 58 57 63 60 
73 87 84 84 83 78 78 84 76 87 
63 68 66 64 61 74 65 65 66 61 
#1 101 103 103 102 101 103 102 102 102 103 
59 65 58 59 61 58 63 57 57 62 
59 59 63 64 59 62 60 58 65 61 
57 63 55 56 61 58 57 59 57 59 
59 57 57 57 58 55 59 59 59 61 
66 63 64 67 63 64 65 65 66 63 
66 69 65 63 65 67 68 65 68 65 
65 63 67 63 66 66 62 64 71 65 
66 63 63 65 61 63 65 61 66 61 
57 62 63 60 59 59 61 61 60 57 
53 53 52 54 56 57 53 51 53 52 
53 53 52 53 53 54 53 52 52 53 
53 52 53 54 56 55 56 52 53 54 
61 63 60 59 58 60 57 62 60 57 
57 56 55 54 55 55 54 55 56 56 
60 63 60 63 63 66 64 62 62 62 
54 54 57 57 56 54 57 58 57 57 
55 55 53 54 54 56 55 58 56 55 
64 64 64 63 62 63 61 65 64 62 
63 65 63 64 66 63 67 65 67 65 
65 64 67 69 65 69 67 68 67 68 
71 67 70 70 67 67 68 67 69 68 
67 66 67 67 68 63 68 67 67 65 
64 63 66 66 65 63 65 66 64 67 
61 59 62 63 61 63 63 66 61 61 
59 58 58 58 57 60 57 58 57 59 
62 58 59 63 57 59 61 57 62 59 
62 59 59 60 61 61 59 60 59 61 
61 59 60 59 62 63 61 62 59 61 
61 61 61 61 61 63 61 61 62 61 
62 61 61 61 62 61 61 61 61 61 
62 61 61 62 61 61 62 61 62 63 
61 61 62 61 62 61 61 62 61 61 
64 62 62 64 64 62 62 63 62 61 
66 68 65 63 65 66 63 65 65 66 
67 66 68 70 68 67 67 65 70 65 
63 63 63 61 67 64 64 63 61 61 
61 61 63 64 62 64 63 61 61 63 
58 56 55 59 55 56 55 58 57 59 
57 55 53 56 54 52 56 58 54 57 
60 60 61 57 62 58 60 59 65 59 
57 54 56 55 55 56 59 57 58 56 
73 75 80 78 77 74 78 84 73 81 
77 63 75 74 76 74 67 72 70 77 
60 61 59 62 58 60 61 61 61 54 
#1 102 102 102 101 102 104 102 101 102 101 
57 58 60 56 61 57 54 57 54 55 
58 54 52 55 57 55 56 52 54 53 
53 55 55 53 57 54 54 54 56 58 
59 65 60 60 61 65 65 64 63 59 
62 61 59 59 59 61 61 59 60 60 
58 60 55 57 60 53 61 59 55 60 
62 64 65 57 59 57 57 62 57 65 
51 51 54 51 53 52 53 51 51 52 
51 51 53 53 51 54 51 52 51 51 
51 52 53 52 53 52 51 55 53 51 
62 57 57 59 58 58 57 60 59 59 
63 62 65 63 61 62 63 61 62 65 
52 53 52 54 54 53 52 53 55 55 
57 54 59 58 56 59 58 57 59 54 
52 54 53 53 56 52 52 52 52 54 
59 59 60 60 59 59 59 60 60 59 
66 64 65 63 65 64 64 64 68 64 
70 68 65 65 69 65 69 70 67 63 
69 72 71 71 71 69 71 70 71 69 
72 72 73 74 74 71 74 73 71 74 
69 67 70 69 67 69 67 67 67 67 
69 67 65 65 65 65 67 65 65 67 
65 65 66 63 68 63 64 65 65 65 
61 65 61 61 61 61 66 64 63 61 
62 60 63 63 61 59 64 59 59 61 
63 64 62 63 63 65 66 65 67 63 
64 63 63 63 65 64 63 63 63 63 
62 61 61 63 63 63 63 61 63 63 
61 61 61 64 63 61 61 61 61 62 
61 62 61 62 61 61 61 61 62 63 
62 61 62 61 62 63 63 61 63 61 
63 66 68 61 65 65 68 65 66 65 
67 67 67 70 69 67 71 67 69 67 
70 71 69 69 69 70 67 69 69 69 
71 72 68 65 69 69 67 69 65 66 
63 65 63 64 61 64 63 61 61 67 
59 60 60 57 60 57 59 60 61 59 
52 52 51 54 56 51 53 53 52 51 
52 56 56 54 53 57 52 54 56 52 
52 51 54 53 54 53 52 53 54 53 
88 80 81 80 83 80 78 78 78 84 
75 76 74 65 70 75 75 73 75 73 
59 64 60 61 64 66 62 67 60 62 
56 58 58 59 58 60 57 56 57 57 
#1 103 101 103 101 101 103 101 102 102 102 
57 54 60 53 53 53 55 54 55 53 
54 54 54 52 54 53 53 54 54 53 
58 56 60 54 56 56 59 53 59 56 
55 55 61 55 55 59 59 56 55 57 
55 56 57 55 57 59 57 55 56 54 
55 53 53 54 53 53 55 55 53 55 
52 52 54 53 51 54 51 55 52 51 
53 51 51 53 53 53 52 52 53 53 
56 55 62 55 55 57 58 60 59 57 
61 64 62 63 62 62 65 66 63 62 
64 65 65 68 66 67 63 67 64 65 
53 58 55 53 58 54 51 55 54 55 
52 53 55 54 57 53 52 53 52 52 
52 53 53 53 51 54 53 51 53 52 
59 60 60 59 59 59 59 60 59 60 
69 69 71 67 69 68 69 68 65 67 
71 69 71 70 71 70 70 71 70 71 
76 73 74 73 72 75 73 72 74 73 
74 74 73 69 73 73 74 73 72 75 
69 69 69 71 70 72 67 71 70 71 
67 69 67 70 69 71 68 70 70 69 
67 65 69 67 67 68 67 65 68 67 
63 65 64 64 66 63 66 65 63 63 
61 66 63 63 64 65 65 63 67 68 
65 63 61 64 64 63 66 65 65 65 
65 63 64 64 63 63 63 65 63 65 
61 62 63 63 61 62 61 62 65 63 
62 62 61 62 62 62 61 61 61 62 
61 61 63 61 61 61 61 61 61 61 
64 63 63 63 63 61 63 63 63 63 
67 66 66 66 65 65 65 65 68 65 
71 67 67 69 71 69 72 67 69 71 
69 71 73 73 71 71 70 69 74 71 
67 68 68 67 67 68 69 65 67 69 
63 65 65 67 66 65 65 67 65 65 
59 59 59 58 59 58 57 59 57 57 
54 52 52 51 53 52 54 54 51 51 
51 52 54 52 53 53 53 52 54 53 
55 57 51 57 56 54 53 53 55 55 
81 75 75 77 80 73 75 69 75 71 
74 79 72 69 69 71 74 76 73 71 
55 61 59 61 55 66 56 57 57 58 
54 54 55 53 58 56 54 54 56 56 
56 56 55 54 55 57 54 54 57 56 
#1 101 101 101 102 102 101 102 101 103 101 
54 52 54 54 54 55 54 53 54 54 
54 54 55 52 53 53 53 53 52 53 
53 51 54 58 52 51 53 52 54 55 
56 51 53 54 54 55 51 52 55 53 
53 52 52 55 52 53 51 51 53 52 
53 51 55 56 55 53 52 51 52 53 
57 59 63 62 59 59 61 61 61 55 
63 63 64 65 63 67 63 63 68 63 
69 65 66 68 67 63 71 67 67 67 
67 71 72 71 72 70 67 71 71 69 
59 59 57 57 59 62 58 55 58 57 
54 52 54 56 52 52 54 53 51 52 
53 51 53 53 54 52 52 55 56 53 
60 59 60 59 59 60 59 59 60 59 
67 67 69 69 69 68 70 69 67 70 
72 69 71 73 71 69 71 74 71 74 
77 74 74 74 73 73 75 75 73 74 
71 71 71 72 73 71 71 71 72 72 
71 71 71 71 71 72 72 71 72 71 
70 69 71 71 67 70 71 69 69 69 
67 67 67 70 69 68 68 67 67 70 
65 63 65 65 64 63 63 64 66 63 
63 63 63 63 63 63 63 63 61 64 
61 63 63 61 62 64 63 65 64 64 
62 61 63 62 61 64 61 62 62 62 
62 61 61 62 61 63 62 61 64 62 
61 63 61 62 61 61 62 62 61 61 
63 63 63 63 63 63 63 61 64 64 
63 65 65 66 64 65 65 65 66 65 
69 63 69 68 67 65 67 65 64 66 
70 73 72 71 69 73 69 71 73 73 
71 72 73 71 71 71 71 71 71 72 
69 69 72 71 71 69 69 71 72 69 
67 65 65 65 67 68 67 67 67 63 
57 59 57 59 57 59 57 57 58 59 
51 54 51 52 54 52 54 52 52 52 
56 52 57 56 59 55 54 56 56 56 
55 56 52 57 53 52 53 55 56 55 
76 73 73 65 73 74 73 73 71 74 
61 67 59 67 63 67 65 69 66 67 
61 61 60 55 66 61 55 59 56 61 
55 56 57 59 57 53 53 57 54 56 
54 52 57 52 52 54 54 51 54 53 
55 53 53 54 55 54 53 54 54 53 
#1 101 101 101 101 101 102 102 102 101 102 
53 53 54 55 54 55 54 54 53 56 
53 54 54 54 53 54 54 56 54 51 
55 52 53 52 53 55 53 53 53 54 
53 53 53 53 53 57 53 52 55 53 
56 55 57 51 53 57 55 56 53 58 
57 57 57 62 55 59 57 62 61 56 
69 67 62 67 67 68 66 65 67 63 
74 69 71 72 72 71 71 75 71 69 
73 75 71 73 72 73 78 73 73 75 
55 59 53 57 53 57 59 58 58 57 
54 54 55 52 52 56 52 57 56 58 
55 57 56 55 56 55 55 55 53 55 
60 59 59 59 58 59 59 59 59 61 
67 69 71 69 71 67 71 70 69 69 
71 72 71 72 72 71 71 71 71 71 
73 73 73 73 71 73 73 74 74 73 
71 72 71 71 73 72 72 71 71 71 
69 71 72 70 70 72 69 71 69 72 
69 70 69 71 69 69 69 70 69 70 
67 65 65 66 63 65 66 68 68 66 
63 64 64 63 64 63 66 63 64 63 
63 61 63 64 61 64 63 61 62 64 
63 61 61 61 61 62 61 61 62 62 
61 61 61 61 64 61 61 61 63 61 
61 61 62 62 62 61 62 61 61 61 
63 63 63 65 63 64 64 64 63 64 
66 64 66 64 66 66 63 65 65 65 
69 72 69 68 68 71 69 68 71 70 
70 69 67 69 70 69 72 70 69 70 
71 71 71 71 71 74 73 71 71 74 
72 71 72 74 74 72 69 71 69 71 
71 69 72 70 69 69 71 71 70 70 
71 68 69 70 69 71 67 69 69 70 
59 62 59 62 59 62 62 61 61 59 
52 51 51 53 53 54 51 54 53 54 
55 55 53 57 54 54 55 51 55 51 
55 56 60 59 56 56 58 52 53 60 
71 70 69 65 73 69 70 71 73 72 
71 67 68 73 65 69 67 67 66 69 
59 66 68 66 63 65 65 66 63 63 
59 61 63 61 61 65 65 57 65 59 
59 58 56 57 61 55 55 56 53 56 
54 53 55 54 53 53 54 55 53 54 
56 53 53 54 53 54 53 55 55 54 
#1 102 103 101 101 101 103 101 102 102 102 
54 53 57 56 52 53 59 54 53 53 
52 54 53 53 52 55 53 52 52 53 
54 53 53 53 52 53 53 53 53 52 
59 55 55 58 51 56 55 57 55 57 
61 58 58 59 62 64 59 58 61 62 
65 63 63 68 65 64 68 67 66 66 
68 72 77 70 67 70 69 70 71 73 
65 71 69 73 69 71 73 73 73 75 
57 58 53 61 62 59 63 58 56 63 
54 53 51 52 53 52 52 54 52 55 
54 55 53 51 52 51 53 57 53 56 
61 60 57 59 62 61 61 61 59 59 
69 69 70 69 70 69 69 70 69 69 
69 71 71 69 69 71 70 69 69 70 
71 71 71 72 71 71 71 72 71 71 
71 71 73 72 71 71 71 72 70 71 
70 69 70 69 70 69 71 70 69 73 
67 68 69 70 67 67 67 67 69 67 
64 63 63 63 64 63 63 66 63 66 
63 63 63 64 64 63 63 63 63 63 
62 62 62 62 62 62 63 61 61 61 
61 61 61 61 61 64 61 61 61 61 
61 61 62 61 61 61 62 61 61 64 
63 64 62 64 63 63 61 61 63 63 
63 64 64 64 63 63 64 64 63 65 
69 65 67 68 67 68 65 69 69 67 
70 69 69 69 70 69 69 69 71 69 
71 71 69 72 69 69 69 70 71 71 
71 73 71 71 74 71 71 72 71 72 
71 72 72 72 72 71 72 71 71 71 
69 71 69 71 71 69 70 69 70 71 
70 70 70 70 69 69 70 70 70 69 
61 62 62 61 61 61 57 60 61 61 
53 53 53 52 54 53 51 53 53 55 
54 54 52 55 56 54 52 51 56 52 
57 60 60 61 60 58 53 57 55 57 
73 71 72 71 75 72 72 70 75 67 
72 70 67 70 71 73 69 71 70 72 
67 68 71 63 65 68 67 63 68 67 
66 62 62 61 63 61 62 60 62 65 
51 56 53 60 57 55 61 61 55 58 
52 54 54 51 53 51 54 55 53 59 
53 55 55 54 53 53 54 52 53 54 
53 52 52 54 54 55 53 53 53 56 
#1 103 102 101 102 101 101 101 101 101 101 
52 55 54 54 55 52 55 55 54 54 
54 55 54 52 57 55 54 52 53 53 
59 55 53 57 54 58 53 53 57 57 
65 61 62 59 59 61 61 55 59 57 
61 62 65 64 63 61 67 63 65 63 
67 66 61 64 69 73 67 67 64 73 
75 65 73 70 65 73 70 68 73 65 
57 57 57 57 56 55 61 59 58 59 
54 54 52 52 52 56 54 51 54 53 
52 51 52 51 51 52 51 53 51 51 
58 61 57 61 57 61 59 62 59 63 
70 69 70 68 67 69 67 67 69 67 
69 71 70 70 70 70 69 69 70 69 
72 72 71 71 72 70 71 69 71 72 
73 71 69 70 72 69 69 71 69 73 
69 67 67 65 66 63 68 67 65 67 
64 65 63 64 63 63 63 63 63 65 
63 63 63 64 63 63 63 63 64 64 
62 61 62 61 62 61 61 61 61 61 
61 62 61 62 61 61 62 62 61 61 
61 61 61 61 61 61 61 61 61 61 
63 61 63 63 63 61 61 65 62 63 
63 61 63 63 63 63 63 63 63 63 
63 63 65 63 61 66 63 66 63 63 
68 68 66 68 67 67 65 67 65 67 
71 69 67 69 69 70 69 72 68 69 
71 72 71 71 71 71 71 71 69 71 
71 71 73 72 71 72 71 72 71 72 
72 75 71 74 71 73 71 71 71 71 
73 72 71 72 72 71 73 71 71 71 
71 70 72 71 67 71 69 73 71 67 
62 59 59 61 61 60 60 62 59 57 
58 55 53 55 57 53 58 55 56 58 
54 56 56 53 54 52 54 54 53 58 
61 57 57 55 56 59 55 57 59 55 
73 74 75 73 75 76 74 74 74 75 
73 75 74 71 69 71 69 76 74 65 
65 62 65 67 70 62 65 65 63 68 
57 58 59 57 63 61 59 57 57 53 
58 55 56 57 55 56 55 52 57 55 
52 51 54 53 51 53 52 55 53 53 
53 53 55 54 52 54 53 55 53 54 
55 53 52 53 53 53 56 53 54 53 
56 53 54 52 54 53 55 52 55 54 
#1 101 101 101 102 101 102 102 103 102 102 
55 54 54 52 52 54 56 55 53 53 
51 52 52 54 54 53 55 53 54 52 
53 56 51 52 51 57 55 53 58 55 
55 64 55 63 60 56 60 55 55 55 
65 58 61 64 63 63 64 65 65 56 
67 69 73 69 67 73 71 75 69 67 
53 53 57 57 53 54 55 57 53 54 
52 55 53 52 54 55 54 54 56 54 
52 52 53 52 52 55 52 52 52 51 
58 63 55 59 58 56 59 61 61 60 
67 65 67 70 63 67 65 63 67 66 
69 69 69 69 69 70 69 67 72 70 
71 71 71 71 71 71 71 71 70 71 
69 69 68 67 67 68 67 66 67 67 
67 67 66 65 65 65 65 66 66 66 
65 65 66 63 65 65 65 63 63 61 
61 61 64 61 62 62 61 61 62 61 
61 61 61 61 62 61 61 61 63 62 
61 61 63 61 62 62 61 61 62 64 
65 64 63 65 67 61 65 62 65 63 
64 65 64 65 66 65 66 66 66 65 
63 63 65 65 62 63 63 67 64 59 
62 65 63 64 65 69 64 64 62 59 
65 66 65 66 65 65 65 65 65 65 
69 69 69 68 67 69 69 68 67 68 
72 69 72 67 69 68 71 71 69 70 
73 73 73 73 73 71 73 74 73 73 
74 71 75 74 74 73 73 73 71 73 
68 71 70 71 72 72 73 71 71 69 
70 68 67 69 67 68 70 67 68 67 
59 59 59 59 59 59 60 60 59 59 
56 54 53 52 54 55 53 53 54 52 
55 52 51 51 52 52 52 52 54 51 
58 57 59 55 59 57 59 59 58 56 
69 72 71 69 71 69 69 72 72 70 
65 65 65 65 65 67 68 69 67 65 
66 62 65 63 65 65 64 62 63 63 
61 59 61 61 59 59 61 58 63 60 
53 53 51 53 52 53 54 51 53 51 
53 52 53 54 52 57 53 53 54 51 
53 53 53 55 55 52 55 53 53 55 
51 54 53 55 52 53 52 53 52 56 
54 52 54 53 54 56 56 58 56 53 
55 54 54 54 57 53 55 54 53 53 
#1 102 101 102 101 101 101 101 103 101 102 
53 57 57 56 55 55 57 54 55 53 
57 56 56 56 53 53 53 58 54 53 
63 64 57 56 57 57 60 64 57 57 
72 74 77 77 81 70 69 69 72 75 
76 71 79 75 73 76 69 73 77 77 
53 57 53 53 55 53 54 52 52 52 
52 52 53 56 55 57 56 52 52 53 
52 54 53 53 52 51 53 55 53 53 
57 57 59 60 57 57 59 59 58 62 
68 65 65 63 65 63 65 65 67 63 
65 66 65 66 68 65 67 67 67 65 
73 72 72 71 71 71 70 71 71 65 
67 67 67 68 67 69 67 69 68 67 
67 66 65 68 65 65 67 63 62 65 
61 61 61 61 61 63 63 61 61 61 
62 62 61 63 64 61 61 61 61 61 
61 61 62 62 63 62 61 61 62 62 
62 63 62 66 63 61 64 62 64 61 
65 63 63 63 61 63 63 64 64 63 
61 64 63 63 60 61 63 59 63 64 
61 59 61 59 61 60 61 59 61 61 
63 61 63 59 64 63 61 63 61 63 
63 63 63 64 63 64 65 66 65 65 
65 66 66 68 68 67 66 65 65 66 
69 67 67 69 67 68 68 67 67 67 
73 72 71 70 71 71 72 75 77 69 
71 73 71 75 71 73 74 72 72 74 
69 71 69 71 71 70 69 69 71 71 
68 69 70 68 66 65 70 67 65 69 
60 59 60 59 60 59 59 59 59 59 
54 51 51 53 51 53 53 52 52 51 
54 55 53 54 55 54 54 53 56 54 
55 53 54 55 55 52 56 57 55 53 
63 65 65 63 66 68 63 63 65 63 
65 65 65 65 64 65 65 68 61 65 
56 59 55 61 57 59 59 59 57 56 
51 53 51 54 51 53 53 53 51 55 
51 54 54 51 51 52 51 54 53 55 
57 51 51 55 53 51 51 51 53 53 
55 56 55 53 57 57 57 53 53 51 
53 55 61 56 56 55 53 51 53 55 
55 57 53 54 55 57 53 53 54 55 
53 53 52 53 55 53 53 52 54 53 
53 58 55 53 56 56 54 54 56 55 
#1 101 101 101 101 102 101 102 101 101 102 
57 58 58 56 57 56 58 56 58 56 
63 61 62 64 62 59 60 62 67 59 
69 71 69 69 66 71 72 73 70 76 
71 86 77 85 71 78 78 77 78 77 
55 52 53 52 53 52 53 54 54 51 
55 58 57 55 52 54 56 54 57 59 
51 52 52 56 57 53 53 52 53 54 
57 59 55 57 55 61 59 59 60 57 
65 63 66 66 65 63 66 62 63 65 
66 67 67 63 65 63 65 67 65 69 
67 69 71 69 67 70 70 70 70 71 
65 63 61 67 63 63 65 69 65 67 
61 61 62 61 62 62 61 61 62 61 
61 62 61 61 61 61 61 61 61 61 
61 61 61 61 62 62 62 61 61 62 
62 62 62 61 62 62 61 61 62 61 
62 61 63 61 62 61 61 61 62 61 
61 60 59 59 61 63 61 60 59 61 
59 59 59 59 59 59 59 62 57 60 
60 59 59 59 61 57 62 59 61 57 
57 59 61 59 59 59 57 60 59 57 
61 64 62 63 59 62 61 63 61 63 
63 65 65 65 64 66 63 63 63 63 
67 65 67 69 65 67 65 66 67 67 
70 67 67 70 67 68 67 70 67 69 
69 71 69 69 69 70 69 69 69 70 
69 67 69 67 66 67 69 67 70 68 
66 65 63 65 63 64 63 65 64 66 
59 60 59 59 59 59 57 59 60 59 
54 53 55 52 52 52 54 52 51 53 
54 55 54 57 56 56 56 58 54 56 
55 52 55 57 51 51 52 52 54 53 
62 62 61 64 63 61 61 65 61 61 
59 59 58 59 59 57 59 60 59 58 
52 53 52 54 53 51 53 54 53 54 
52 51 52 53 51 53 53 52 52 52 
53 52 55 53 53 54 54 53 55 54 
57 59 60 55 60 54 57 61 57 61 
57 57 57 59 57 57 59 57 56 60 
64 61 61 60 63 63 63 62 66 59 
62 56 57 63 63 61 59 59 57 63 
52 55 51 53 55 53 53 55 54 55 
58 53 53 53 57 54 55 52 57 55 
57 52 55 60 56 58 60 57 56 58 
#1 102 101 102 102 101 101 103 102 102 101 
60 59 62 57 58 62 58 57 59 58 
68 64 72 62 69 67 67 71 75 69 
73 73 80 69 73 73 75 74 69 82 
52 57 53 56 55 58 53 56 57 56 
60 56 56 57 58 60 60 59 61 58 
54 56 56 52 61 54 54 52 54 57 
59 57 57 56 57 55 57 57 57 57 
63 61 61 61 61 61 61 61 62 61 
65 63 65 65 65 61 61 61 66 63 
65 70 67 65 65 66 66 66 63 67 
61 61 61 61 61 64 62 61 64 61 
61 62 61 61 62 61 61 61 61 62 
62 61 62 62 61 61 62 61 62 63 
61 62 61 61 62 62 63 61 61 61 
61 62 63 62 61 61 62 62 61 62 
60 58 59 62 61 57 62 57 62 61 
57 57 57 61 60 57 58 60 58 59 
59 56 58 59 61 58 58 60 58 56 
57 56 58 55 56 58 57 57 56 55 
59 57 58 56 58 58 58 55 60 58 
63 57 59 59 59 57 59 62 61 57 
63 61 63 61 63 61 64 63 60 64 
65 65 65 65 66 64 63 65 64 65 
67 65 68 70 66 65 66 68 67 65 
72 69 65 67 73 68 67 67 69 66 
65 63 65 66 63 63 63 63 63 66 
61 64 64 65 63 63 61 64 63 65 
57 56 53 55 53 55 56 56 55 55 
56 57 56 57 56 58 55 57 57 56 
60 60 63 62 61 61 64 61 60 62 
56 56 55 55 58 54 54 54 55 58 
55 58 61 60 60 59 60 57 55 57 
53 56 55 53 55 53 54 57 52 55 
52 52 52 54 53 51 52 52 51 52 
52 51 55 54 52 51 51 53 53 55 
59 55 57 55 55 53 61 65 55 55 
67 62 65 61 69 63 63 65 63 67 
65 61 64 65 69 65 67 66 65 65 
65 69 63 66 63 63 66 63 63 65 
66 61 67 63 65 63 68 65 63 62 
60 60 55 56 57 58 60 61 57 55 
60 57 60 56 56 61 57 58 61 56 
61 60 61 62 62 58 62 62 58 60 
59 60 59 60 61 60 58 56 61 63 
#1 101 102 102 101 104 104 101 103 102 104 
68 66 70 72 67 66 60 69 64 68 
85 72 74 73 71 77 77 87 89 70 
63 60 58 55 62 63 61 60 63 59 
61 62 60 64 65 62 63 61 63 60 
60 56 61 55 57 60 60 58 58 60 
55 55 55 53 53 55 55 55 57 56 
61 63 61 61 62 62 63 62 61 62 
61 62 63 63 61 64 61 61 61 63 
63 61 64 65 66 64 63 65 66 63 
61 63 62 62 61 64 62 63 61 62 
63 61 61 62 63 62 62 62 62 62 
62 63 63 61 62 64 62 61 61 62 
59 62 61 62 63 63 62 64 64 62 
58 57 58 57 60 60 57 59 60 61 
58 59 57 57 58 57 58 57 57 57 
58 54 56 57 58 56 58 54 57 57 
53 53 53 56 53 55 53 55 55 54 
55 55 55 55 53 54 53 53 55 55 
55 55 57 56 55 55 55 56 57 59 
57 60 59 58 59 57 56 59 57 57 
60 60 61 61 59 59 60 59 60 61 
61 61 63 62 59 59 61 63 63 61 
65 65 64 64 64 64 64 64 64 65 
63 66 63 65 63 63 64 66 65 64 
64 63 64 63 61 62 64 64 63 61 
62 59 60 61 61 62 62 57 59 61 
53 54 54 51 52 54 53 51 52 53 
64 58 63 62 61 60 62 60 59 58 
67 64 66 64 65 65 65 68 68 64 
59 60 57 59 56 62 57 59 60 59 
54 55 51 51 51 52 51 54 51 54 
52 51 55 52 52 53 53 51 54 52 
54 56 53 57 52 55 54 53 53 56 
59 61 58 61 59 56 57 57 58 57 
66 62 63 64 61 62 63 61 63 66 
63 69 67 65 69 67 65 63 63 63 
71 73 72 71 68 75 73 73 73 73 
68 66 69 69 67 67 67 73 68 70 
71 63 71 63 71 72 69 67 67 71 
63 57 65 62 61 59 61 59 61 66 
78 67 73 76 80 77 75 74 73 72 
67 73 74 70 75 72 69 73 70 71 
64 61 68 69 80 66 67 71 67 63 
68 66 63 63 68 70 67 72 66 71 
#1 101 105 102 104 103 104 102 102 101 103 
69 74 79 76 74 70 72 78 75 77 
68 65 66 69 70 68 66 64 68 69 
68 68 65 66 65 68 67 62 64 67 
60 60 62 61 58 60 62 60 58 61 
53 52 53 53 52 51 54 54 53 55 
63 62 62 62 61 61 62 62 64 61 
62 61 62 62 63 62 62 62 62 62 
63 62 63 61 61 62 61 62 64 62 
63 61 61 60 60 61 60 60 61 61 
60 60 60 61 62 60 60 60 60 60 
61 61 62 60 61 61 59 61 60 63 
57 60 61 60 57 59 63 60 58 62 
55 54 56 57 57 57 56 54 56 56 
53 54 54 54 57 54 52 57 54 54 
53 53 53 52 54 53 53 52 52 52 
52 53 53 54 54 52 52 53 53 54 
54 53 52 54 52 52 53 54 52 53 
54 55 54 54 53 53 57 54 55 54 
57 56 54 56 56 55 55 57 58 57 
60 58 56 58 57 58 58 56 58 57 
59 58 58 58 60 58 61 60 58 60 
60 61 61 62 62 61 63 60 59 62 
60 63 63 63 62 63 64 62 63 60 
59 59 62 62 59 58 61 58 59 59 
59 58 58 58 59 59 59 58 58 59 
52 51 55 52 55 54 53 53 54 55 
63 63 63 64 67 66 64 67 68 64 
69 70 66 71 66 66 66 64 68 69 
66 62 60 63 61 63 63 65 62 63 
50 51 51 52 50 52 51 51 51 51 
53 53 51 54 54 53 51 54 52 54 
57 62 58 62 60 55 57 59 59 56 
63 66 61 67 64 63 63 61 63 63 
66 64 66 63 67 67 67 68 67 65 
71 72 72 71 71 71 65 67 71 69 
72 77 71 71 75 74 74 75 75 75 
70 74 70 67 70 76 69 74 72 73 
72 70 68 64 69 65 69 69 73 69 
67 64 67 69 67 74 73 67 69 63 
71 79 75 76 72 74 75 78 75 75 
82 79 74 76 77 81 84 76 75 77 
77 79 73 77 75 80 75 78 78 71 
88 87 81 80 83 78 97 76 80 83 
69 72 70 72 72 75 75 71 71 77 
#1 103 101 101 102 101 102 100 104 103 101 
72 67 68 64 69 64 69 62 72 75 
68 72 72 70 74 73 71 76 68 76 
60 61 61 60 60 61 60 61 60 59 
58 52 56 57 56 55 50 54 55 56 
61 61 61 60 60 62 62 60 62 60 
61 63 61 61 62 60 60 61 63 60 
62 60 62 62 60 60 60 60 61 61 
68 71 70 70 69 68 73 73 72 72 
69 69 68 69 68 67 67 69 68 68 
64 67 64 63 65 65 64 63 64 66 
62 62 62 62 65 64 63 64 62 64 
62 63 64 63 63 63 65 63 64 63 
62 62 64 66 64 65 63 64 60 61 
63 62 64 60 63 62 65 62 66 63 
62 66 63 62 62 64 60 64 64 64 
62 63 64 63 65 63 64 64 65 65 
66 64 65 65 62 68 64 65 64 64 
65 66 64 65 65 64 64 66 64 65 
64 66 65 66 64 65 64 67 64 64 
69 70 71 68 69 68 70 67 69 69 
71 73 73 73 73 76 77 73 73 72 
77 75 79 73 75 76 73 74 75 77 
66 71 71 70 71 75 70 71 73 71 
68 70 67 69 67 70 69 70 68 66 
54 56 59 57 56 54 56 56 58 57 
52 54 53 51 52 51 52 54 54 55 
54 56 54 56 54 55 56 57 57 54 
52 51 51 51 53 52 52 51 52 52 
62 66 65 61 63 65 62 65 62 65 
60 61 56 60 61 57 56 58 57 58 
58 55 54 58 54 61 57 56 55 57 
53 52 54 56 52 57 56 53 52 52 
52 56 54 54 55 54 55 55 53 56 
55 59 55 55 55 60 55 58 58 59 
57 61 57 55 59 58 55 57 58 53 
59 55 55 57 58 53 60 58 57 54 
59 57 55 56 55 55 60 53 57 62 
53 58 52 51 52 55 55 56 51 57 
55 53 54 51 52 52 53 52 54 53 
54 55 51 52 52 55 53 51 52 52 
56 55 62 56 56 56 58 56 60 59 
60 54 58 58 56 62 61 60 61 57 
67 67 70 65 69 69 66 70 66 64 
66 64 67 64 63 69 72 64 68 71 
#1 100 101 100 100 101 100 100 102 101 104 
58 58 56 59 52 55 54 57 55 55 
51 56 52 55 54 55 53 54 51 54 
58 57 60 61 61 60 60 61 59 59 
69 66 67 65 65 64 64 64 67 67 
68 69 73 68 67 69 72 70 68 68 
74 73 71 77 76 70 72 70 73 70 
82 81 81 81 82 81 81 81 82 80 
78 80 82 79 80 81 81 81 84 80 
77 78 79 82 80 74 75 78 78 78 
77 72 73 72 72 74 74 77 78 72 
72 72 72 71 73 74 74 74 72 72 
72 72 68 72 74 71 70 70 72 72 
74 74 72 72 74 71 71 73 74 71 
70 70 71 70 75 72 72 70 71 73 
69 72 70 70 68 72 74 70 70 71 
72 71 73 72 73 70 72 70 71 76 
70 71 70 72 74 74 76 73 72 72 
75 76 74 75 74 75 75 74 74 75 
78 76 80 79 79 77 79 77 76 76 
81 82 78 81 79 78 81 82 81 80 
81 80 82 81 82 80 80 80 78 81 
76 79 79 76 81 78 77 78 79 78 
74 76 75 76 77 75 78 77 75 77 
67 67 66 66 66 66 65 67 67 65 
53 53 54 52 52 52 52 50 50 51 
50 50 51 52 52 53 50 52 50 50 
54 56 57 57 57 57 57 56 55 58 
68 69 72 68 65 71 71 67 68 68 
67 66 66 67 66 68 67 65 65 66 
66 62 64 62 62 63 63 64 62 62 
56 58 56 57 60 57 58 59 56 57 
53 52 52 52 52 53 52 52 51 54 
55 51 52 54 53 53 54 52 54 53 
55 52 53 53 53 55 53 52 53 52 
53 55 53 52 54 51 54 54 56 53 
52 52 53 52 53 56 51 56 53 55 
56 52 59 56 51 58 52 56 54 53 
54 55 53 53 53 54 52 53 51 54 
54 54 53 51 53 52 52 54 54 52 
58 58 60 56 58 61 61 61 58 62 
65 62 62 57 59 61 61 62 61 56 
64 68 65 68 64 63 67 68 68 69 
69 75 71 71 66 72 70 68 64 72 
57 54 57 56 58 59 54 59 58 56 
#1 100 102 101 100 102 101 100 100 101 100 
56 60 58 57 57 58 57 60 54 56 
62 64 64 66 64 60 64 62 64 64 
81 78 80 76 80 80 81 79 79 79 
80 80 81 80 80 81 80 80 81 78 
80 82 80 81 82 82 80 80 81 81 
92 90 86 86 90 91 86 89 90 86 
86 87 86 86 83 85 84 83 91 83 
80 80 83 79 80 82 85 83 78 83 
80 79 79 82 80 81 78 82 81 79 
79 77 78 77 76 80 74 79 78 74 
79 76 76 76 74 76 77 76 76 74 
76 79 74 76 79 78 76 79 81 77 
79 74 80 77 78 78 78 80 76 77 
75 74 80 76 76 77 77 79 76 78 
72 77 75 74 74 75 77 72 79 78 
74 74 78 77 77 77 75 74 78 77 
81 78 80 79 78 79 78 78 79 79 
81 81 82 82 85 80 80 82 80 83 
86 85 83 83 90 85 86 85 84 88 
84 87 86 85 88 87 86 86 85 87 
83 83 82 83 84 81 82 81 81 83 
82 81 80 82 81 83 78 82 81 80 
58 57 58 62 56 59 58 57 58 61 
52 50 51 51 52 50 50 51 51 52 
50 54 52 51 56 52 51 50 51 50 
52 54 51 52 54 52 54 54 52 50 
64 62 62 69 65 63 60 64 62 66 
60 61 63 58 59 63 61 61 60 62 
57 55 54 56 58 56 56 57 54 56 
51 52 52 56 56 52 52 54 54 52 
54 51 53 53 52 53 51 52 53 54 
53 53 53 53 53 55 53 53 54 53 
55 56 57 56 53 57 55 51 55 55 
55 53 54 53 52 51 53 53 53 51 
52 51 52 51 54 54 53 55 53 51 
55 52 53 52 53 51 52 51 54 54 
55 52 51 53 51 54 51 52 55 53 
58 53 53 53 53 52 53 53 53 53 
56 55 54 57 58 52 55 55 56 52 
59 57 57 58 52 56 60 58 54 59 
60 62 62 61 60 60 60 59 60 58 
61 62 63 61 62 60 61 63 61 62 
52 53 55 54 55 53 50 52 55 50 
58 61 66 54 60 55 54 61 55 54 
#1 103 102 104 101 100 102 103 102 104 101 
68 76 72 72 68 69 70 69 70 68 
86 79 84 85 83 80 83 87 88 82 
87 84 84 85 85 90 86 86 90 84 
94 90 87 94 85 87 91 90 93 90 
94 90 96 91 92 90 89 92 90 90 
92 84 89 89 89 89 91 89 89 87 
80 84 86 80 85 87 82 82 85 79 
74 84 77 81 77 76 78 77 82 79 
77 77 76 74 69 74 74 71 74 79 
75 73 76 77 70 77 75 77 72 76 
76 78 78 78 69 76 71 72 75 74 
74 69 70 67 66 72 73 65 70 68 
69 65 62 67 73 67 65 61 67 66 
62 60 63 65 60 65 68 64 64 62 
62 62 62 60 63 62 58 60 60 61 
60 67 66 62 63 65 67 65 69 62 
65 68 72 70 65 71 72 70 73 70 
77 74 74 75 74 79 76 73 72 78 
76 79 74 77 78 77 77 74 76 78 
68 72 66 69 73 73 73 66 68 73 
62 63 66 62 65 62 69 65 64 62 
51 52 51 50 52 53 51 50 51 54 
56 62 58 60 56 59 61 60 56 58 
66 66 66 66 66 66 64 67 67 68 
58 56 60 56 57 61 58 62 56 57 
55 54 54 55 54 54 56 54 52 57 
57 53 53 52 53 52 53 53 52 51 
58 56 55 57 56 56 57 57 56 52 
60 59 60 60 60 60 60 59 59 59 
60 60 60 60 60 59 60 59 59 59 
59 59 59 59 59 59 60 60 59 60 
57 57 59 61 59 60 59 61 62 59 
59 59 61 59 55 59 59 60 60 59 
62 61 57 60 57 58 59 59 59 60 
59 55 61 55 57 57 57 59 60 57 
59 57 59 60 60 57 57 59 59 57 
59 57 57 59 60 58 60 57 57 58 
56 58 57 56 57 55 55 56 56 55 
55 58 54 55 54 55 56 57 57 56 
53 52 51 52 52 52 54 51 53 51 
56 58 57 56 56 53 56 54 56 55 
60 58 62 57 58 60 60 58 58 60 
64 65 67 65 65 65 64 63 61 66 
64 69 67 68 65 70 75 72 66 73 
#1 101 101 102 103 100 100 102 101 100 101 
89 84 92 84 92 87 87 88 81 81 
89 90 95 91 96 87 93 90 90 93 
97 94 88 93 91 89 96 95 94 89 
68 71 67 65 61 72 69 66 66 64 
61 64 64 63 63 59 59 62 62 65 
61 56 60 61 59 62 60 58 62 63 
61 68 62 67 62 60 67 63 61 61 
64 63 64 60 61 60 60 62 65 61 
62 64 66 66 61 70 68 68 65 64 
70 66 69 73 68 68 64 66 69 68 
67 64 68 76 73 72 68 68 65 71 
65 70 74 69 67 68 70 68 66 66 
67 64 64 64 64 66 68 64 62 64 
60 60 60 58 60 64 56 61 61 57 
55 54 54 54 57 59 57 56 56 55 
60 62 61 62 59 62 56 59 60 59 
64 68 65 62 67 65 64 67 65 61 
65 66 66 63 66 65 64 65 66 63 
60 60 60 58 58 61 60 60 62 60 
58 56 55 56 55 54 55 55 57 54 
66 67 67 61 66 64 62 68 66 62 
80 81 81 78 78 78 79 83 80 82 
76 74 76 74 76 76 77 78 77 77 
67 67 66 66 67 66 66 68 67 66 
60 60 59 58 59 59 59 58 59 60 
59 59 61 62 61 63 59 61 61 62 
63 63 63 61 63 64 63 64 63 62 
67 67 63 65 66 64 64 63 65 63 
65 68 67 65 67 68 67 69 67 65 
69 68 67 69 67 68 67 69 69 69 
69 71 70 72 69 71 71 71 67 67 
71 69 69 70 69 69 71 69 69 71 
70 67 69 69 69 70 70 69 70 69 
68 70 63 65 65 67 68 65 65 68 
66 65 67 63 65 64 65 65 65 65 
64 61 63 64 63 63 63 65 63 63 
61 62 63 61 62 61 62 62 61 61 
62 62 61 61 63 61 61 61 63 61 
63 61 63 61 63 61 63 64 63 62 
60 60 60 61 61 61 60 60 62 60 
65 66 69 66 69 65 66 67 66 64 
83 79 82 79 77 80 78 77 80 81 
79 84 85 83 82 85 85 83 80 81 
79 88 86 86 80 87 88 80 84 91 
#1 106 104 106 106 107 105 107 108 107 107 
71 68 71 69 71 74 70 75 71 74 
78 81 73 79 85 74 82 74 73 78 
67 65 67 63 64 65 67 61 65 64 
56 60 56 60 64 62 62 58 60 60 
65 65 61 63 61 64 60 61 61 62 
74 69 73 70 68 67 68 67 64 65 
66 66 62 63 66 62 64 61 69 65 
70 68 66 70 69 62 65 58 66 60 
70 72 68 70 72 68 66 72 70 71 
78 76 78 70 77 76 68 73 74 75 
73 72 74 76 71 76 68 76 73 75 
66 69 66 67 64 66 62 70 68 67 
64 64 65 63 64 64 64 68 64 64 
57 59 59 58 58 59 58 57 59 61 
54 54 56 57 56 56 55 57 55 55 
58 62 59 61 61 61 59 56 60 60 
60 55 59 58 58 62 57 57 57 62 
56 55 55 55 56 54 56 55 56 54 
58 55 58 58 58 62 58 58 57 61 
69 72 69 72 67 71 75 73 66 69 
80 81 85 80 83 82 82 82 81 84 
77 81 76 78 82 77 76 78 79 80 
75 70 71 72 68 72 72 69 70 68 
59 60 61 59 59 59 58 60 58 61 
61 64 65 60 64 62 66 64 64 62 
64 66 65 63 66 65 64 64 66 64 
65 67 69 69 67 69 71 67 63 66 
72 73 71 69 71 71 70 70 72 69 
71 75 71 69 69 72 69 71 69 73 
71 72 72 71 72 71 70 72 72 72 
72 71 70 71 71 71 71 72 71 69 
69 69 69 69 69 70 69 70 69 69 
71 68 69 72 69 71 69 70 69 70 
67 66 65 65 69 65 67 69 67 65 
67 67 68 68 68 68 65 67 66 65 
63 62 65 63 65 65 66 64 63 61 
61 62 62 62 61 61 63 61 63 61 
61 64 62 63 61 62 61 62 62 61 
60 61 61 62 60 64 62 60 61 60 
68 68 70 69 68 70 72 68 69 68 
81 81 82 81 81 81 81 81 83 78 
86 80 83 94 88 85 83 85 83 85 
93 92 94 93 96 90 95 93 91 92 
73 65 68 72 69 70 71 73 74 69 
#1 104 105 104 105 104 105 106 105 106 104 
65 63 67 63 67 69 66 67 63 64 
64 63 61 65 64 65 63 64 61 62 
66 65 63 67 70 63 62 64 65 70 
70 67 73 63 64 64 69 69 62 66 
70 73 72 66 71 70 75 69 65 69 
72 70 69 70 68 68 68 70 76 73 
66 74 62 71 73 71 72 66 70 66 
66 72 72 79 72 75 72 73 72 71 
76 76 78 77 78 77 72 76 76 74 
78 82 80 78 78 77 78 82 84 76 
69 70 68 69 68 72 68 70 70 68 
64 65 67 65 66 64 66 66 64 66 
64 64 65 64 65 65 64 66 62 63 
57 59 58 62 58 64 55 57 62 62 
56 55 55 54 56 56 55 57 56 56 
55 55 55 54 56 54 57 55 55 56 
59 58 63 58 61 57 58 58 58 62 
66 66 64 64 64 63 63 66 65 65 
76 77 77 76 77 73 78 75 74 74 
86 86 86 84 82 83 88 86 83 84 
79 80 78 81 80 81 80 81 79 81 
75 75 73 76 71 74 74 74 74 77 
61 61 61 64 62 60 63 63 63 60 
66 65 65 66 65 64 66 66 65 64 
67 71 67 67 67 66 65 65 66 68 
69 69 71 71 72 69 69 70 72 73 
73 73 72 73 69 76 73 73 71 69 
73 73 73 73 73 73 76 74 73 74 
71 74 74 71 71 71 72 71 73 73 
73 71 71 71 71 72 72 72 72 72 
70 69 69 71 71 71 71 71 72 71 
71 69 71 69 71 73 71 73 69 71 
72 69 71 69 70 70 69 71 67 67 
67 67 68 67 69 67 69 67 67 67 
65 67 66 65 67 67 65 67 67 67 
64 65 61 67 61 63 64 63 65 64 
63 62 63 65 63 61 61 63 62 62 
60 62 60 61 62 60 60 60 61 61 
75 76 71 72 75 74 73 71 70 72 
80 81 81 80 82 84 80 81 78 81 
90 86 88 96 88 91 95 92 89 85 
90 95 88 100 91 98 93 93 89 96 
79 76 78 75 74 80 81 72 72 77 
63 63 67 64 64 63 61 69 64 64 
#1 105 106 106 106 107 105 105 107 105 106 
